Time	Type	Set	L Dia X [px]	L Dia Y [px]
880280540	SMP	1	73.71	69.32
880300496	SMP	1	74.68	69.44
880320515	SMP	1	74.72	70.37
880340474	SMP	1	74.23	68.59
880360494	SMP	1	74.74	69.62
880380451	SMP	1	74.54	69.55
880400477	SMP	1	74.69	71.16
880420433	SMP	1	74.60	69.61
880440458	SMP	1	74.78	70.52
880460416	SMP	1	73.92	69.62
880480438	SMP	1	73.07	69.52
880500394	SMP	1	75.45	69.55
880520420	SMP	1	73.80	69.50
880540377	SMP	1	74.69	69.62
880560400	SMP	1	74.63	69.50
880580357	SMP	1	74.08	69.55
880600377	SMP	1	74.59	69.49
880620338	SMP	1	74.92	68.52
880640358	SMP	1	74.97	69.44
880660315	SMP	1	74.86	68.76
880680338	SMP	1	73.93	69.50
880700297	SMP	1	74.97	68.60
880720321	SMP	1	75.77	69.46
880740289	SMP	1	74.62	69.63
880760300	SMP	1	74.35	70.42
880780261	SMP	1	74.06	69.68
880800281	SMP	1	74.84	70.52
880820237	SMP	1	76.18	70.48
880840264	SMP	1	75.77	70.30
880860221	SMP	1	74.68	70.57
880880242	SMP	1	74.75	69.60
880900203	SMP	1	74.58	69.52
880920225	SMP	1	74.35	69.63
880940182	SMP	1	75.52	70.42
880960203	SMP	1	74.57	69.65
880980163	SMP	1	75.00	68.60
881000184	SMP	1	74.71	69.59
881020143	SMP	1	75.33	69.73
881040166	SMP	1	74.57	70.12
881060122	SMP	1	75.54	69.59
881080152	SMP	1	74.72	68.55
881100102	SMP	1	74.89	69.62
881120128	SMP	1	73.96	70.48
881140084	SMP	1	75.45	69.53
881160106	SMP	1	74.88	68.68
881180067	SMP	1	75.66	67.68
881200085	SMP	1	74.48	69.47
881220045	SMP	1	74.69	68.51
881240066	SMP	1	76.29	67.76
881260024	SMP	1	74.69	68.69
881280048	SMP	1	75.47	68.61
881300008	SMP	1	74.87	68.70
881320027	SMP	1	74.68	68.40
881339985	SMP	1	74.81	68.47
881360009	SMP	1	73.68	68.66
881379968	SMP	1	74.81	69.44
881399988	SMP	1	74.80	70.27
881419947	SMP	1	73.04	69.32
881439970	SMP	1	74.81	69.46
881459927	SMP	1	74.82	67.71
881479951	SMP	1	74.90	69.58
881499906	SMP	1	75.20	69.60
881519929	SMP	1	72.72	69.48
881539886	SMP	1	75.27	70.35
881559911	SMP	1	72.89	69.46
881579865	SMP	1	74.91	69.48
881599894	SMP	1	74.60	69.40
881619849	SMP	1	76.07	70.35
881639870	SMP	1	74.94	69.45
881659830	SMP	1	74.62	70.45
881679850	SMP	1	74.77	69.53
881699810	SMP	1	75.27	71.17
881719833	SMP	1	74.89	69.55
881739792	SMP	1	74.55	69.43
881759820	SMP	1	74.84	70.41
881779770	SMP	1	75.94	68.80
881799793	SMP	1	76.40	68.67
881819751	SMP	1	74.84	68.67
881839773	SMP	1	75.00	69.50
881859728	SMP	1	75.62	68.50
881879755	SMP	1	75.20	68.54
881899715	SMP	1	75.46	69.70
881919737	SMP	1	75.56	69.41
881939695	SMP	1	75.26	70.22
881959714	SMP	1	75.65	70.20
881979676	SMP	1	74.72	69.62
881999696	SMP	1	73.73	69.59
882019655	SMP	1	75.10	70.44
882039679	SMP	1	74.64	69.44
882059634	SMP	1	74.74	69.51
882079657	SMP	1	75.67	69.45
882099614	SMP	1	75.14	68.56
882119640	SMP	1	73.93	70.49
882139593	SMP	1	73.57	69.67
882159618	SMP	1	74.97	69.43
882179577	SMP	1	74.57	69.54
882199598	SMP	1	74.63	69.58
882219556	SMP	1	75.46	69.47
882239578	SMP	1	75.73	69.55
882259536	SMP	1	73.91	68.65
882279559	SMP	1	74.00	70.25
882299517	SMP	1	75.69	69.48
882319538	SMP	1	75.80	68.87
882339499	SMP	1	75.62	69.63
882359518	SMP	1	75.04	69.55
882379476	SMP	1	76.87	70.39
882399501	SMP	1	76.01	69.53
882419460	SMP	1	77.50	70.45
882439488	SMP	1	75.16	70.47
882459440	SMP	1	76.66	69.77
882479463	SMP	1	75.72	70.45
882499418	SMP	1	74.58	69.49
882519443	SMP	1	75.43	69.65
882539400	SMP	1	76.01	69.75
882559421	SMP	1	75.17	69.62
882579381	SMP	1	75.35	69.78
882599401	SMP	1	76.07	69.83
882619362	SMP	1	75.30	70.59
882639383	SMP	1	76.35	70.47
882659339	SMP	1	78.19	70.48
882679364	SMP	1	75.85	69.54
882699321	SMP	1	75.82	70.57
882719345	SMP	1	74.72	70.48
882739307	SMP	1	75.73	70.43
882759323	SMP	1	75.79	70.43
882779283	SMP	1	74.87	69.42
882799304	SMP	1	74.79	70.51
882819263	SMP	1	75.94	69.70
882839288	SMP	1	74.34	70.38
882859246	SMP	1	76.39	69.49
882879267	SMP	1	73.76	69.44
882899227	SMP	1	75.91	69.60
882919246	SMP	1	75.72	69.69
882939204	SMP	1	74.81	69.56
882959228	SMP	1	75.84	69.46
882979188	SMP	1	76.17	69.47
882999208	SMP	1	76.65	69.63
883019166	SMP	1	77.58	69.53
883039189	SMP	1	77.01	68.80
883059146	SMP	1	75.78	69.62
883079169	SMP	1	75.77	68.54
883099128	SMP	1	75.89	69.31
883119157	SMP	1	77.10	68.70
883139106	SMP	1	78.37	69.53
883159130	SMP	1	76.46	68.70
883179089	SMP	1	74.91	70.44
883199109	SMP	1	75.95	68.73
883219069	SMP	1	76.65	70.31
883239091	SMP	1	75.94	68.50
883259049	SMP	1	74.78	69.72
883279070	SMP	1	75.54	70.37
883299029	SMP	1	75.66	69.49
883319047	SMP	1	76.11	68.74
883339008	SMP	1	75.67	70.33
883359030	SMP	1	75.03	68.64
883378991	SMP	1	75.51	69.68
883399013	SMP	1	75.77	70.54
883418978	SMP	1	75.86	69.56
883438991	SMP	1	76.10	69.65
883458950	SMP	1	75.99	70.38
883478974	SMP	1	75.38	69.44
883498930	SMP	1	74.86	68.69
883518953	SMP	1	75.40	69.40
883538909	SMP	1	74.96	69.46
883558934	SMP	1	75.76	69.41
883578891	SMP	1	76.11	69.46
883598912	SMP	1	75.05	69.26
883618874	SMP	1	75.60	69.31
883638892	SMP	1	75.00	68.66
883658854	SMP	1	74.60	69.76
883678875	SMP	1	73.93	69.43
883698833	SMP	1	74.82	69.43
883718857	SMP	1	75.70	69.57
883738814	SMP	1	75.78	68.63
883758834	SMP	1	76.38	69.38
883778795	SMP	1	75.92	68.60
883798816	SMP	1	76.82	68.55
883818771	SMP	1	76.60	69.66
883838797	SMP	1	76.38	69.54
883858752	SMP	1	77.13	68.60
883878779	SMP	1	75.03	69.56
883898737	SMP	1	76.78	69.54
883918759	SMP	1	76.30	68.58
883938718	SMP	1	78.63	69.64
883958739	SMP	1	77.04	68.62
883978697	SMP	1	75.94	69.38
883998720	SMP	1	77.67	69.49
884018675	SMP	1	75.83	68.56
884038696	SMP	1	76.66	68.66
884058657	SMP	1	75.95	69.45
884078678	SMP	1	75.82	68.73
884098642	SMP	1	75.86	68.51
884118661	SMP	1	76.72	68.64
884138619	SMP	1	76.57	68.68
884158643	SMP	1	76.71	68.40
884178600	SMP	1	75.87	69.27
884198621	SMP	1	75.67	68.69
884218581	SMP	1	76.78	70.27
884238599	SMP	1	76.78	69.31
884258561	SMP	1	76.48	69.48
884278582	SMP	1	75.89	68.64
884298539	SMP	1	76.52	69.50
884318560	SMP	1	76.65	69.38
884338520	SMP	1	75.39	68.64
884358541	SMP	1	76.32	68.56
884378504	SMP	1	75.80	68.50
884398523	SMP	1	75.74	70.36
884418482	SMP	1	75.15	69.41
884438504	SMP	1	75.03	69.59
884458462	SMP	1	75.95	69.47
884478485	SMP	1	76.56	68.63
884498442	SMP	1	75.12	69.45
884518467	SMP	1	75.05	69.45
884538420	SMP	1	76.67	69.71
884558446	SMP	1	77.33	69.63
884578401	SMP	1	75.96	69.45
884598429	SMP	1	74.91	70.21
884618385	SMP	1	76.56	69.78
884638407	SMP	1	76.48	69.51
884658367	SMP	1	75.97	70.37
884678389	SMP	1	75.84	69.53
884698346	SMP	1	75.83	68.51
884718369	SMP	1	75.69	69.48
884738326	SMP	1	75.13	68.71
884758350	SMP	1	76.64	69.51
884778313	SMP	1	75.89	69.61
884798327	SMP	1	76.76	68.50
884818286	SMP	1	76.21	69.60
884838309	SMP	1	75.67	68.63
884858268	SMP	1	76.06	69.41
884878291	SMP	1	75.89	69.60
884898249	SMP	1	76.53	69.62
884918264	SMP	1	76.60	70.25
884938230	SMP	1	75.90	69.67
884958251	SMP	1	75.45	69.51
884978209	SMP	1	76.03	68.65
884998232	SMP	1	76.53	70.48
885018188	SMP	1	75.77	69.77
885038209	SMP	1	76.64	68.87
885058165	SMP	1	76.32	69.56
885078187	SMP	1	76.70	70.41
885098153	SMP	1	76.84	69.71
885118179	SMP	1	76.66	69.58
885138130	SMP	1	75.84	70.36
885158154	SMP	1	75.40	70.36
885178110	SMP	1	74.59	71.39
885198127	SMP	1	75.57	70.45
885218092	SMP	1	76.65	69.78
885238115	SMP	1	75.75	69.63
885258071	SMP	1	75.30	70.52
885278094	SMP	1	75.96	69.53
885298049	SMP	1	76.81	70.45
885318075	SMP	1	76.90	71.23
885338032	SMP	1	75.91	69.73
885358056	SMP	1	75.58	70.54
885378015	SMP	1	75.75	70.49
885398037	SMP	1	75.97	71.28
885417995	SMP	1	76.09	70.40
885438017	SMP	1	76.64	69.53
885457975	SMP	1	76.57	70.56
885477992	SMP	1	76.35	69.63
885497953	SMP	1	75.52	69.55
885517977	SMP	1	75.77	70.46
885537931	SMP	1	76.50	70.39
885557957	SMP	1	74.91	69.55
885577911	SMP	1	75.08	69.61
885597939	SMP	1	76.69	70.42
885617893	SMP	1	75.48	69.64
885637917	SMP	1	75.75	69.64
885657873	SMP	1	75.71	68.81
885677895	SMP	1	76.04	69.66
885697856	SMP	1	76.52	70.37
885717880	SMP	1	76.95	69.60
885737835	SMP	1	76.68	69.46
885757857	SMP	1	77.75	70.40
885777817	SMP	1	75.98	70.31
885797844	SMP	1	77.43	71.31
885817794	SMP	1	75.68	70.42
885837821	SMP	1	76.46	69.70
885857780	SMP	1	75.60	70.42
885877803	SMP	1	75.76	69.77
885897755	SMP	1	75.82	70.33
885917781	SMP	1	75.50	70.52
885937741	SMP	1	76.66	69.45
885957763	SMP	1	75.89	70.28
885977723	SMP	1	75.87	70.42
885997743	SMP	1	76.04	70.42
886017701	SMP	1	76.80	70.38
886037721	SMP	1	75.91	70.40
886057683	SMP	1	76.85	69.50
886077700	SMP	1	76.10	70.39
886097663	SMP	1	75.03	69.56
886117686	SMP	1	76.75	70.52
886137643	SMP	1	75.97	69.52
886157665	SMP	1	77.23	69.32
886177620	SMP	1	75.98	69.56
886197646	SMP	1	77.18	69.68
886217603	SMP	1	75.71	70.35
886237624	SMP	1	77.33	69.57
886257579	SMP	1	75.63	70.30
886277606	SMP	1	75.81	69.60
886297561	SMP	1	75.35	69.70
886317581	SMP	1	76.04	69.74
886337544	SMP	1	75.41	69.58
886357568	SMP	1	75.60	69.55
886377526	SMP	1	75.60	69.56
886397548	SMP	1	76.58	70.35
886417506	SMP	1	75.74	70.48
886437525	SMP	1	75.93	69.52
886457481	SMP	1	76.84	69.48
886477514	SMP	1	76.68	68.72
886497466	SMP	1	75.76	70.42
886517489	SMP	1	75.52	69.52
886537447	SMP	1	75.77	69.41
886557470	SMP	1	75.78	68.58
886577423	SMP	1	75.38	68.55
886597446	SMP	1	74.86	69.55
886617406	SMP	1	75.59	68.36
886637428	SMP	1	76.05	69.40
886657388	SMP	1	76.44	69.66
886677412	SMP	1	75.35	70.26
886697369	SMP	1	74.83	69.56
886717393	SMP	1	74.85	69.46
886737343	SMP	1	74.77	70.33
886757372	SMP	1	75.45	68.55
886777339	SMP	1	75.93	69.38
886797351	SMP	1	75.50	68.74
886817311	SMP	1	75.61	68.98
886837332	SMP	1	75.90	69.72
886857289	SMP	1	75.05	69.47
886877308	SMP	1	75.72	69.51
886897273	SMP	1	76.15	69.51
886917294	SMP	1	75.68	69.73
886937253	SMP	1	75.39	70.26
886957274	SMP	1	75.86	69.45
886977233	SMP	1	76.51	69.46
886997255	SMP	1	75.85	70.39
887017210	SMP	1	74.88	68.67
887037236	SMP	1	75.85	68.48
887057194	SMP	1	75.33	70.14
887077213	SMP	1	75.37	69.41
887097174	SMP	1	76.47	69.46
887117197	SMP	1	75.47	69.41
887137155	SMP	1	74.81	68.49
887157172	SMP	1	75.72	69.28
887177135	SMP	1	75.86	69.47
887197157	SMP	1	75.86	68.72
887217115	SMP	1	75.08	69.21
887237136	SMP	1	74.93	68.39
887257091	SMP	1	75.03	70.27
887277117	SMP	1	75.79	68.71
887297075	SMP	1	77.40	68.41
887317099	SMP	1	75.87	67.87
887337055	SMP	1	76.33	68.52
887357079	SMP	1	75.63	69.39
887377037	SMP	1	74.71	68.69
887397060	SMP	1	76.70	69.33
887417018	SMP	1	75.41	68.70
887437040	SMP	1	76.76	68.78
887457005	SMP	1	75.66	68.49
887477020	SMP	1	75.33	68.70
887496976	SMP	1	75.82	68.73
887516995	SMP	1	75.51	68.66
887536961	SMP	1	75.85	69.59
887556982	SMP	1	75.80	68.56
887576936	SMP	1	75.78	68.83
887596963	SMP	1	75.50	68.63
887616920	SMP	1	75.91	69.50
887636943	SMP	1	75.61	69.51
887656901	SMP	1	75.51	68.62
887676922	SMP	1	76.27	68.69
887696881	SMP	1	75.71	68.52
887716903	SMP	1	75.61	67.58
887736858	SMP	1	74.41	68.42
887756877	SMP	1	75.56	66.81
887776841	SMP	1	75.67	68.51
887796861	SMP	1	74.76	69.28
887816825	SMP	1	76.36	68.29
887836845	SMP	1	74.99	66.66
887856803	SMP	1	75.90	67.68
887876826	SMP	1	74.73	67.60
887896783	SMP	1	75.55	66.76
887916806	SMP	1	75.41	69.21
887936764	SMP	1	75.91	68.20
887956784	SMP	1	74.90	66.54
887976741	SMP	1	75.54	67.49
887996767	SMP	1	75.96	67.70
888016724	SMP	1	75.59	67.48
888036744	SMP	1	75.33	66.53
888056706	SMP	1	75.63	67.60
888076728	SMP	1	74.86	68.44
888096687	SMP	1	76.43	67.51
888116707	SMP	1	74.87	68.23
888136671	SMP	1	75.30	68.56
888156689	SMP	1	75.51	68.53
888176644	SMP	1	75.66	67.72
888196669	SMP	1	74.97	68.24
888216628	SMP	1	74.88	68.64
888236647	SMP	1	73.56	67.54
888256604	SMP	1	73.89	67.41
888276630	SMP	1	74.92	68.61
888296588	SMP	1	75.18	67.63
888316613	SMP	1	74.77	67.38
888336567	SMP	1	74.98	68.62
888356591	SMP	1	75.62	68.49
888376550	SMP	1	75.09	68.49
888396570	SMP	1	74.66	68.43
888416528	SMP	1	76.06	68.56
888436550	SMP	1	75.63	68.47
888456510	SMP	1	75.10	68.64
888476536	SMP	1	74.48	68.65
888496489	SMP	1	76.78	69.42
888516514	SMP	1	76.76	68.68
888536467	SMP	1	76.29	69.45
888556493	SMP	1	75.16	68.42
888576447	SMP	1	76.04	68.70
888596474	SMP	1	76.83	69.35
888616433	SMP	1	76.54	68.50
888636452	SMP	1	75.90	69.26
888656412	SMP	1	76.16	68.68
888676435	SMP	1	76.50	70.43
888696392	SMP	1	76.73	69.37
888716413	SMP	1	75.00	69.19
888736374	SMP	1	74.08	68.57
888756394	SMP	1	74.98	69.41
888776352	SMP	1	76.63	68.54
888796373	SMP	1	75.78	67.78
888816335	SMP	1	76.11	67.54
888836357	SMP	1	76.48	68.53
888856314	SMP	1	76.08	69.30
888876337	SMP	1	76.43	68.79
888896297	SMP	1	75.84	67.79
888916318	SMP	1	75.72	68.47
888936273	SMP	1	75.69	68.45
888956299	SMP	1	75.86	67.57
888976257	SMP	1	74.75	67.56
888996278	SMP	1	76.66	68.56
889016234	SMP	1	76.55	67.69
889036256	SMP	1	75.82	66.82
889056216	SMP	1	76.76	67.67
889076237	SMP	1	74.71	68.63
889096198	SMP	1	75.57	67.61
889116219	SMP	1	75.27	66.80
889136177	SMP	1	74.51	67.71
889156202	SMP	1	75.84	68.30
889176159	SMP	1	75.93	67.59
889196181	SMP	1	75.56	68.48
889216139	SMP	1	74.90	67.70
889236159	SMP	1	73.98	68.57
889256116	SMP	1	76.04	67.33
889276139	SMP	1	75.92	67.63
889296095	SMP	1	76.46	67.65
889316121	SMP	1	74.52	66.84
889336079	SMP	1	76.73	69.47
889356104	SMP	1	76.81	68.55
889376057	SMP	1	76.56	68.63
889396083	SMP	1	75.84	68.53
889416034	SMP	1	77.43	68.54
889436063	SMP	1	75.35	68.49
889456023	SMP	1	75.75	67.77
889476039	SMP	1	75.03	68.54
889496003	SMP	1	76.52	68.53
889516020	SMP	1	75.84	67.81
889535984	SMP	1	75.51	67.53
889555999	SMP	1	75.79	69.32
889575964	SMP	1	75.81	68.37
889595986	SMP	1	75.28	67.57
889615940	SMP	1	74.85	67.63
889635965	SMP	1	74.98	67.71
889655924	SMP	1	75.68	68.38
889675946	SMP	1	74.86	68.27
889695898	SMP	1	76.49	68.13
889715927	SMP	1	75.75	68.47
889735885	SMP	1	75.75	67.66
889755903	SMP	1	74.94	67.70
889775867	SMP	1	75.98	68.29
889795889	SMP	1	74.83	67.35
889815847	SMP	1	74.41	67.50
889835868	SMP	1	75.42	63.73
889855828	SMP	1	74.58	61.40
889875849	SMP	1	75.47	57.22
889895809	SMP	1	76.63	53.29
889915831	SMP	1	76.66	52.28
889935787	SMP	1	77.45	50.63
889955807	SMP	1	77.30	50.57
889975766	SMP	1	75.96	50.46
889995791	SMP	1	76.61	48.32
890015746	SMP	1	76.78	47.64
890035773	SMP	1	76.91	47.32
890055728	SMP	1	77.29	45.46
890075750	SMP	1	74.45	43.31
890095709	SMP	1	75.64	42.39
890115728	SMP	1	76.49	41.78
890135698	SMP	1	76.19	43.53
890155712	SMP	1	71.19	34.08
890175668	SMP	1	0.00	0.00
890195687	SMP	1	0.00	0.00
890215651	SMP	1	0.00	0.00
890235669	SMP	1	0.00	0.00
890255627	SMP	1	0.00	0.00
890275652	SMP	1	0.00	0.00
890295612	SMP	1	0.00	0.00
890315633	SMP	1	62.80	30.38
890335590	SMP	1	71.80	42.10
890355615	SMP	1	73.68	48.58
890375572	SMP	1	75.60	55.37
890395592	SMP	1	75.82	59.42
890415551	SMP	1	77.92	62.70
890435574	SMP	1	76.62	64.76
890455532	SMP	1	75.90	66.49
890475554	SMP	1	77.54	65.70
890495511	SMP	1	76.45	67.47
890515542	SMP	1	77.08	67.50
890535488	SMP	1	77.46	66.58
890555516	SMP	1	75.05	68.24
890575476	SMP	1	75.74	67.54
890595497	SMP	1	75.55	67.43
890615455	SMP	1	75.62	66.53
890635476	SMP	1	76.81	67.44
890655435	SMP	1	74.92	66.69
890675454	SMP	1	77.28	66.67
890695416	SMP	1	76.61	66.73
890715440	SMP	1	75.75	67.33
890735394	SMP	1	76.61	68.42
890755414	SMP	1	75.98	68.35
890775378	SMP	1	75.91	68.21
890795396	SMP	1	75.69	67.69
890815361	SMP	1	74.78	67.52
890835379	SMP	1	75.52	67.56
890855337	SMP	1	76.63	66.56
890875362	SMP	1	74.85	67.58
890895318	SMP	1	74.65	67.44
890915340	SMP	1	75.55	67.36
890935302	SMP	1	74.79	67.53
890955318	SMP	1	74.91	68.44
890975280	SMP	1	75.12	66.56
890995303	SMP	1	74.98	67.59
891015256	SMP	1	74.72	66.77
891035277	SMP	1	74.79	67.47
891055242	SMP	1	75.09	68.41
891075264	SMP	1	74.83	68.35
891095222	SMP	1	76.17	67.52
891115244	SMP	1	74.93	68.29
891135200	SMP	1	74.95	68.51
891155223	SMP	1	74.90	67.73
891175180	SMP	1	74.97	68.35
891195200	SMP	1	74.79	67.64
891215164	SMP	1	74.47	68.40
891235186	SMP	1	75.84	67.56
891255142	SMP	1	75.72	66.73
891275165	SMP	1	74.66	68.23
891295123	SMP	1	75.06	68.25
891315146	SMP	1	74.88	68.32
891335104	SMP	1	75.73	67.54
891355127	SMP	1	74.84	68.54
891375084	SMP	1	74.87	67.62
891395107	SMP	1	75.98	67.51
891415064	SMP	1	75.70	66.71
891435087	SMP	1	75.49	66.56
891455040	SMP	1	74.68	66.61
891475068	SMP	1	74.30	67.47
891495037	SMP	1	74.80	67.39
891515043	SMP	1	75.14	67.46
891535007	SMP	1	74.68	66.73
891555024	SMP	1	75.30	66.37
891574986	SMP	1	75.45	67.42
891595009	SMP	1	74.71	66.59
891614967	SMP	1	74.74	65.69
891634987	SMP	1	75.74	65.41
891654948	SMP	1	74.61	67.39
891674970	SMP	1	74.76	67.47
891694925	SMP	1	74.69	67.44
891714949	SMP	1	75.82	67.37
891734909	SMP	1	75.37	67.33
891754932	SMP	1	75.39	66.57
891774888	SMP	1	74.84	67.57
891794911	SMP	1	75.68	67.57
891814869	SMP	1	74.89	67.43
891834894	SMP	1	75.57	67.51
891854851	SMP	1	75.83	66.60
891874873	SMP	1	74.73	67.46
891894832	SMP	1	75.49	66.64
891914850	SMP	1	75.49	66.54
891934811	SMP	1	75.38	67.49
891954831	SMP	1	74.72	67.47
891974788	SMP	1	74.75	66.64
891994815	SMP	1	75.74	67.59
892014772	SMP	1	75.58	66.75
892034795	SMP	1	74.83	66.51
892054752	SMP	1	75.68	66.67
892074775	SMP	1	75.58	67.52
892094733	SMP	1	75.34	67.54
892114753	SMP	1	75.85	66.63
892134710	SMP	1	75.16	66.65
892154736	SMP	1	74.88	67.47
892174690	SMP	1	76.33	67.57
892194710	SMP	1	75.73	67.55
892214674	SMP	1	75.79	67.38
892234696	SMP	1	76.59	67.49
892254653	SMP	1	74.89	66.59
892274675	SMP	1	75.83	67.34
892294636	SMP	1	76.39	65.65
892314657	SMP	1	75.74	66.53
892334614	SMP	1	75.43	67.47
892354634	SMP	1	75.68	66.31
892374593	SMP	1	74.53	66.40
892394619	SMP	1	75.36	66.59
892414576	SMP	1	76.38	65.55
892434597	SMP	1	76.61	66.70
892454553	SMP	1	74.72	66.69
892474574	SMP	1	75.53	66.35
892494538	SMP	1	75.71	65.61
892514570	SMP	1	75.62	67.35
892534518	SMP	1	74.96	67.42
892554539	SMP	1	75.42	67.39
892574498	SMP	1	76.58	67.33
892594521	SMP	1	76.31	66.67
892614476	SMP	1	74.71	67.50
892634501	SMP	1	75.79	67.50
892654459	SMP	1	75.35	66.75
892674481	SMP	1	76.56	66.80
892694438	SMP	1	75.80	67.46
892714463	SMP	1	75.68	66.67
892734415	SMP	1	75.72	66.70
892754441	SMP	1	74.90	67.44
892774402	SMP	1	74.99	66.66
892794423	SMP	1	75.77	66.55
892814377	SMP	1	76.63	66.73
892834401	SMP	1	75.65	67.48
892854363	SMP	1	75.85	66.72
892874379	SMP	1	75.94	66.54
892894344	SMP	1	76.72	67.41
892914364	SMP	1	75.67	67.34
892934322	SMP	1	76.59	67.28
892954341	SMP	1	75.74	66.71
892974299	SMP	1	75.82	66.62
892994324	SMP	1	74.76	67.51
893014279	SMP	1	76.34	67.47
893034306	SMP	1	75.80	65.55
893054263	SMP	1	74.79	66.53
893074287	SMP	1	76.07	67.44
893094246	SMP	1	75.70	67.45
893114266	SMP	1	75.55	67.44
893134225	SMP	1	76.46	67.46
893154248	SMP	1	75.64	66.61
893174202	SMP	1	75.68	67.28
893194238	SMP	1	75.57	66.63
893214187	SMP	1	75.63	67.44
893234210	SMP	1	76.27	66.67
893254164	SMP	1	75.46	67.47
893274190	SMP	1	75.38	66.55
893294145	SMP	1	75.93	66.58
893314167	SMP	1	76.41	67.51
893334123	SMP	1	75.60	66.58
893354151	SMP	1	74.87	66.52
893374105	SMP	1	76.88	66.58
893394131	SMP	1	75.65	66.57
893414087	SMP	1	75.67	68.25
893434111	SMP	1	75.75	65.59
893454067	SMP	1	76.39	66.44
893474087	SMP	1	76.57	66.41
893494050	SMP	1	75.82	66.47
893514069	SMP	1	75.92	66.63
893534027	SMP	1	75.78	66.58
893554048	SMP	1	76.04	66.61
893574010	SMP	1	76.21	67.49
893594031	SMP	1	75.55	65.86
893613988	SMP	1	75.90	66.49
893634009	SMP	1	74.78	66.48
893653972	SMP	1	75.62	66.50
893673989	SMP	1	75.75	66.45
893693947	SMP	1	75.95	66.52
893713974	SMP	1	74.75	65.44
893733927	SMP	1	76.83	66.57
893753949	SMP	1	75.60	66.50
893773913	SMP	1	75.64	66.41
893793933	SMP	1	75.59	67.51
893813894	SMP	1	75.65	66.57
893833914	SMP	1	75.87	67.41
893853870	SMP	1	76.58	68.36
893873901	SMP	1	75.81	66.56
893893851	SMP	1	75.83	67.35
893913873	SMP	1	75.79	66.60
893933830	SMP	1	75.60	67.47
893953856	SMP	1	75.89	66.43
893973812	SMP	1	75.81	66.48
893993839	SMP	1	76.52	67.41
894013796	SMP	1	75.62	66.44
894033818	SMP	1	76.52	67.32
894053771	SMP	1	75.71	65.65
894073799	SMP	1	75.70	65.46
894093758	SMP	1	75.81	65.79
894113777	SMP	1	75.58	65.49
894133733	SMP	1	75.99	64.45
894153760	SMP	1	75.67	65.53
894173721	SMP	1	75.73	66.41
894193733	SMP	1	74.60	66.30
894213699	SMP	1	76.08	65.47
894233719	SMP	1	75.63	65.32
894253675	SMP	1	75.52	65.60
894273702	SMP	1	75.84	65.44
894293660	SMP	1	75.52	65.55
894313684	SMP	1	74.61	66.41
894333636	SMP	1	76.39	66.44
894353656	SMP	1	75.60	66.33
894373622	SMP	1	73.91	65.42
894393638	SMP	1	74.66	66.65
894413602	SMP	1	75.37	65.65
894433623	SMP	1	74.63	65.55
894453577	SMP	1	75.64	66.25
894473598	SMP	1	75.53	66.45
894493559	SMP	1	74.50	66.50
894513587	SMP	1	75.65	65.61
894533539	SMP	1	75.36	65.39
894553559	SMP	1	75.49	65.64
894573522	SMP	1	75.58	65.52
894593545	SMP	1	75.73	66.54
894613496	SMP	1	75.91	66.42
894633525	SMP	1	75.72	65.54
894653485	SMP	1	76.64	65.68
894673502	SMP	1	75.78	66.55
894693459	SMP	1	75.82	66.52
894713487	SMP	1	74.59	66.55
894733442	SMP	1	75.65	66.50
894753465	SMP	1	75.96	65.79
894773422	SMP	1	75.99	65.71
894793448	SMP	1	75.88	66.42
894813405	SMP	1	75.78	66.45
894833427	SMP	1	75.89	66.47
894853393	SMP	1	75.92	66.70
894873405	SMP	1	75.58	66.54
894893359	SMP	1	75.68	66.43
894913386	SMP	1	75.80	66.38
894933347	SMP	1	76.26	66.52
894953368	SMP	1	74.96	66.38
894973323	SMP	1	74.40	66.58
894993347	SMP	1	76.32	65.47
895013305	SMP	1	74.53	66.46
895033327	SMP	1	75.67	66.60
895053287	SMP	1	75.66	66.53
895073307	SMP	1	76.52	66.62
895093266	SMP	1	75.78	66.73
895113288	SMP	1	75.49	66.75
895133246	SMP	1	76.54	66.56
895153269	SMP	1	75.47	64.84
895173226	SMP	1	75.47	66.47
895193249	SMP	1	75.25	67.25
895213209	SMP	1	75.75	66.56
895233229	SMP	1	74.44	66.42
895253188	SMP	1	76.50	66.66
895273212	SMP	1	75.98	66.54
895293171	SMP	1	76.45	66.59
895313190	SMP	1	76.27	66.59
895333146	SMP	1	75.74	66.49
895353172	SMP	1	76.52	67.21
895373131	SMP	1	75.81	66.61
895393152	SMP	1	75.47	66.64
895413109	SMP	1	75.90	66.63
895433131	SMP	1	76.47	66.54
895453089	SMP	1	75.67	66.51
895473111	SMP	1	75.64	66.55
895493072	SMP	1	75.73	66.70
895513093	SMP	1	75.74	66.65
895533060	SMP	1	74.46	66.49
895553069	SMP	1	75.69	66.76
895573034	SMP	1	76.21	66.40
895593056	SMP	1	75.89	66.70
895613015	SMP	1	75.80	68.15
895633033	SMP	1	75.64	66.55
895652993	SMP	1	74.76	66.52
895673015	SMP	1	75.71	66.54
895692974	SMP	1	75.95	67.55
895712998	SMP	1	75.71	66.52
895732955	SMP	1	75.62	68.30
895752976	SMP	1	75.76	67.35
895772934	SMP	1	75.71	66.47
895792958	SMP	1	76.00	66.66
895812916	SMP	1	75.82	67.41
895832938	SMP	1	76.43	66.76
895852896	SMP	1	75.96	66.73
895872933	SMP	1	75.79	65.51
895892875	SMP	1	75.58	66.38
895912899	SMP	1	75.56	66.78
895932858	SMP	1	75.81	67.39
895952878	SMP	1	74.51	66.57
895972835	SMP	1	74.76	67.43
895992863	SMP	1	75.12	66.51
896012814	SMP	1	75.85	66.30
896032841	SMP	1	75.45	67.41
896052796	SMP	1	75.81	67.54
896072821	SMP	1	75.65	66.64
896092777	SMP	1	75.69	66.57
896112799	SMP	1	75.63	66.59
896132758	SMP	1	75.38	66.53
896152779	SMP	1	75.48	66.59
896172738	SMP	1	75.76	66.52
896192761	SMP	1	76.45	66.64
896212720	SMP	1	75.75	66.54
896232742	SMP	1	75.53	67.57
896252702	SMP	1	75.25	66.69
896272722	SMP	1	75.56	66.40
896292679	SMP	1	76.55	67.51
896312701	SMP	1	75.91	67.48
896332668	SMP	1	75.67	68.27
896352682	SMP	1	74.51	67.47
896372640	SMP	1	75.75	66.57
896392662	SMP	1	75.80	67.35
896412620	SMP	1	75.98	67.54
896432643	SMP	1	75.81	66.54
896452601	SMP	1	74.97	66.84
896472624	SMP	1	75.76	65.65
896492581	SMP	1	75.54	67.58
896512603	SMP	1	75.42	66.59
896532561	SMP	1	74.79	67.48
896552592	SMP	1	75.67	67.40
896572542	SMP	1	75.66	68.35
896592565	SMP	1	75.76	66.56
896612523	SMP	1	75.75	67.49
896632554	SMP	1	75.90	66.44
896652504	SMP	1	75.71	66.51
896672576	SMP	1	75.83	66.62
896692482	SMP	1	75.80	66.56
896712507	SMP	1	76.33	67.39
896732463	SMP	1	75.40	66.53
896752486	SMP	1	75.62	67.57
896772446	SMP	1	75.60	66.74
896792467	SMP	1	76.52	66.59
896812426	SMP	1	75.80	66.55
896832447	SMP	1	75.78	65.59
896852410	SMP	1	76.57	65.67
896872428	SMP	1	75.53	66.63
896892384	SMP	1	75.67	66.61
896912407	SMP	1	76.25	65.54
896932366	SMP	1	76.23	58.31
896952387	SMP	1	69.71	38.10
896972345	SMP	1	0.00	0.00
896992369	SMP	1	0.00	0.00
897012327	SMP	1	0.00	0.00
897032350	SMP	1	0.00	0.00
897052308	SMP	1	0.00	0.00
897072329	SMP	1	0.00	0.00
897092287	SMP	1	62.92	29.21
897112314	SMP	1	69.83	37.32
897132270	SMP	1	73.71	43.58
897152289	SMP	1	74.39	48.41
897172249	SMP	1	76.36	52.55
897192272	SMP	1	76.55	56.40
897212230	SMP	1	77.31	59.59
897232259	SMP	1	75.99	60.51
897252211	SMP	1	76.23	61.57
897272232	SMP	1	76.71	62.66
897292191	SMP	1	76.47	64.40
897312213	SMP	1	77.17	63.54
897332170	SMP	1	76.89	64.60
897352196	SMP	1	75.63	65.35
897372150	SMP	1	75.87	64.73
897392174	SMP	1	76.79	64.60
897412131	SMP	1	77.37	65.37
897432154	SMP	1	75.79	64.53
897452111	SMP	1	75.88	65.41
897472134	SMP	1	74.56	65.43
897492092	SMP	1	75.98	66.22
897512115	SMP	1	75.85	64.68
897532080	SMP	1	76.08	65.61
897552095	SMP	1	76.00	66.19
897572053	SMP	1	77.37	66.57
897592076	SMP	1	76.47	66.36
897612034	SMP	1	76.39	65.68
897632056	SMP	1	75.93	67.15
897652015	SMP	1	75.58	67.26
897672035	SMP	1	76.69	66.36
897691995	SMP	1	75.90	65.58
897712017	SMP	1	76.78	67.33
897731975	SMP	1	76.76	65.60
897751998	SMP	1	76.69	66.40
897771957	SMP	1	76.43	66.47
897791982	SMP	1	76.13	66.37
897811936	SMP	1	76.48	66.57
897831961	SMP	1	76.37	67.38
897851918	SMP	1	76.33	67.40
897871941	SMP	1	75.98	66.66
897891899	SMP	1	76.37	65.74
897911920	SMP	1	75.96	66.77
897931879	SMP	1	75.50	66.51
897951901	SMP	1	75.67	66.66
897971860	SMP	1	75.70	67.40
897991885	SMP	1	75.72	67.25
898011838	SMP	1	75.87	66.63
898031862	SMP	1	76.03	66.48
898051818	SMP	1	75.75	66.45
898071842	SMP	1	76.30	66.71
898091801	SMP	1	76.54	66.69
898111822	SMP	1	75.57	67.25
898131780	SMP	1	75.66	66.64
898151801	SMP	1	75.44	66.37
898171760	SMP	1	76.63	67.50
898191784	SMP	1	75.70	66.53
898211752	SMP	1	75.20	66.68
898231762	SMP	1	75.14	66.54
898251723	SMP	1	76.46	67.57
898271745	SMP	1	74.28	67.36
898291702	SMP	1	74.79	66.56
898311725	SMP	1	75.66	67.45
898331683	SMP	1	74.78	67.68
898351705	SMP	1	74.94	67.41
898371663	SMP	1	74.56	67.44
898391684	SMP	1	74.63	67.56
898411642	SMP	1	75.35	65.71
898431665	SMP	1	74.81	66.64
898451622	SMP	1	74.43	67.41
898471646	SMP	1	74.66	66.38
898491605	SMP	1	74.81	66.55
898511627	SMP	1	75.15	66.67
898531585	SMP	1	74.55	65.69
898551610	SMP	1	76.28	66.61
898571565	SMP	1	74.58	67.31
898591587	SMP	1	74.84	66.54
898611545	SMP	1	74.46	67.17
898631567	SMP	1	74.68	66.52
898651526	SMP	1	74.98	66.68
898671548	SMP	1	74.92	66.60
898691505	SMP	1	75.36	66.60
898711528	SMP	1	74.82	67.30
898731487	SMP	1	75.40	66.64
898751508	SMP	1	75.42	66.58
898771465	SMP	1	76.08	66.69
898791491	SMP	1	76.71	67.40
898811447	SMP	1	74.92	66.67
898831474	SMP	1	76.44	67.42
898851429	SMP	1	75.94	66.75
898871450	SMP	1	74.99	67.39
898891416	SMP	1	76.59	66.58
898911432	SMP	1	76.89	66.63
898931390	SMP	1	74.84	68.29
898951414	SMP	1	74.70	67.40
898971371	SMP	1	75.75	67.50
898991393	SMP	1	75.57	67.37
899011351	SMP	1	74.80	66.58
899031372	SMP	1	74.86	67.44
899051331	SMP	1	76.59	68.39
899071354	SMP	1	74.77	66.54
899091311	SMP	1	75.60	66.98
899111333	SMP	1	74.73	66.60
899131294	SMP	1	76.23	67.50
899151314	SMP	1	73.90	67.65
899171273	SMP	1	75.53	67.45
899191296	SMP	1	74.53	66.54
899211254	SMP	1	75.06	66.50
899231280	SMP	1	74.93	66.44
899251235	SMP	1	77.09	66.68
899271257	SMP	1	74.82	67.40
899291216	SMP	1	78.28	66.62
899311240	SMP	1	76.26	66.60
899331196	SMP	1	74.81	66.30
899351218	SMP	1	75.73	66.55
899371174	SMP	1	75.47	67.34
899391199	SMP	1	75.73	67.43
899411154	SMP	1	74.91	67.32
899431178	SMP	1	75.74	67.56
899451134	SMP	1	74.99	66.63
899471159	SMP	1	75.53	67.56
899491116	SMP	1	75.96	67.61
899511138	SMP	1	76.57	68.39
899531096	SMP	1	75.77	67.58
899551120	SMP	1	75.24	67.55
899571078	SMP	1	76.71	66.63
899591101	SMP	1	74.81	67.45
899611057	SMP	1	74.74	67.70
899631078	SMP	1	75.57	67.43
899651039	SMP	1	75.01	67.70
899671062	SMP	1	75.72	67.63
899691019	SMP	1	76.57	66.78
899711042	SMP	1	75.36	66.70
899730999	SMP	1	74.86	67.64
899751022	SMP	1	74.69	67.53
899770980	SMP	1	74.98	68.38
899791002	SMP	1	75.01	67.57
899810960	SMP	1	74.69	67.39
899830982	SMP	1	75.38	67.52
899850941	SMP	1	74.63	67.46
899870964	SMP	1	74.97	67.46
899890921	SMP	1	74.82	67.51
899910954	SMP	1	74.79	66.53
899930903	SMP	1	74.34	66.71
899950925	SMP	1	74.96	67.56
899970884	SMP	1	75.38	66.45
899990906	SMP	1	75.00	66.63
900010863	SMP	1	74.71	67.65
900030886	SMP	1	75.08	67.55
900050847	SMP	1	75.52	66.59
900070869	SMP	1	74.64	66.63
900090824	SMP	1	74.87	67.56
900110849	SMP	1	75.42	66.61
900130805	SMP	1	74.69	66.74
900150828	SMP	1	75.02	66.48
900170787	SMP	1	74.95	66.53
900190811	SMP	1	74.52	66.52
900210765	SMP	1	75.46	66.44
900230789	SMP	1	75.19	65.63
900250748	SMP	1	74.64	67.20
900270769	SMP	1	74.71	66.49
900290730	SMP	1	74.60	65.71
900310750	SMP	1	75.37	67.39
900330709	SMP	1	75.52	65.56
900350732	SMP	1	74.65	66.39
900370688	SMP	1	73.75	65.61
900390712	SMP	1	74.67	65.75
900410668	SMP	1	74.85	66.45
900430690	SMP	1	74.60	65.54
900450649	SMP	1	75.38	66.46
900470670	SMP	1	73.84	65.57
900490627	SMP	1	75.62	65.70
900510652	SMP	1	74.64	66.51
900530607	SMP	1	73.83	66.45
900550631	SMP	1	74.65	65.83
900570589	SMP	1	74.99	66.56
900590620	SMP	1	74.53	66.48
900610568	SMP	1	74.59	65.75
900630593	SMP	1	74.71	65.61
900650551	SMP	1	74.65	66.38
900670575	SMP	1	74.79	66.43
900690533	SMP	1	76.81	67.36
900710555	SMP	1	74.88	66.28
900730513	SMP	1	76.25	66.57
900750534	SMP	1	75.56	66.60
900770493	SMP	1	74.71	67.36
900790515	SMP	1	75.74	67.37
900810473	SMP	1	75.02	66.52
900830494	SMP	1	76.44	66.51
900850451	SMP	1	75.49	66.49
900870477	SMP	1	75.46	67.41
900890441	SMP	1	75.69	66.55
900910455	SMP	1	74.81	65.47
900930415	SMP	1	75.06	65.78
900950436	SMP	1	75.62	66.53
900970392	SMP	1	74.84	66.60
900990415	SMP	1	75.77	64.78
901010375	SMP	1	74.88	66.52
901030397	SMP	1	74.85	66.55
901050614	SMP	1	73.81	65.68
901070591	SMP	1	74.21	66.41
901090337	SMP	1	74.62	65.58
901110361	SMP	1	74.61	66.46
901130317	SMP	1	74.62	66.63
901150473	SMP	1	74.77	66.36
901170305	SMP	1	75.29	66.50
901190345	SMP	1	74.87	66.21
901210307	SMP	1	74.68	65.76
901230364	SMP	1	75.00	65.38
901250327	SMP	1	75.38	65.54
901270377	SMP	1	74.74	65.65
901290416	SMP	1	74.81	65.44
901310357	SMP	1	74.79	65.40
901330320	SMP	1	74.46	65.34
901350370	SMP	1	73.89	66.32
901370327	SMP	1	74.81	66.41
901390367	SMP	1	73.80	65.73
901410341	SMP	1	74.55	65.62
901430384	SMP	1	74.65	65.73
901450351	SMP	1	74.47	65.43
901470385	SMP	1	74.78	66.46
901490353	SMP	1	74.88	65.72
901510405	SMP	1	74.89	64.74
901530360	SMP	1	74.47	66.35
901550154	SMP	1	73.72	65.57
901570359	SMP	1	75.35	66.51
901590407	SMP	1	74.94	65.88
901610366	SMP	1	74.71	65.51
901630164	SMP	1	74.02	64.64
901650380	SMP	1	74.45	64.72
901670412	SMP	1	74.59	65.63
901690069	SMP	1	75.43	65.51
901710179	SMP	1	73.60	65.48
901730219	SMP	1	74.59	65.58
901750169	SMP	1	73.72	65.50
901770081	SMP	1	73.82	66.55
901790173	SMP	1	74.46	65.53
901810062	SMP	1	74.56	65.52
901830156	SMP	1	73.80	65.41
901850067	SMP	1	73.92	64.43
901870276	SMP	1	74.71	64.72
901890060	SMP	1	73.87	65.70
901910172	SMP	1	73.63	64.62
901930088	SMP	1	74.00	65.37
901950192	SMP	1	74.91	64.73
901970328	SMP	1	74.63	65.47
901990211	SMP	1	74.61	64.63
902010103	SMP	1	74.77	65.42
902030209	SMP	1	74.71	64.69
902050443	SMP	1	74.35	63.73
902070207	SMP	1	74.83	65.44
902090112	SMP	1	74.59	65.71
902110210	SMP	1	74.89	64.63
902130125	SMP	1	74.79	66.25
902150212	SMP	1	74.94	66.33
902170139	SMP	1	73.98	67.30
902190210	SMP	1	74.73	66.61
902210123	SMP	1	74.84	64.66
902230223	SMP	1	74.92	65.50
902250135	SMP	1	74.62	64.63
902270466	SMP	1	75.72	65.42
902290140	SMP	1	74.79	66.46
902310296	SMP	1	74.47	64.70
902330123	SMP	1	74.69	65.78
902349762	SMP	1	74.84	65.55
902369733	SMP	1	74.38	64.75
902389761	SMP	1	74.55	66.49
902409730	SMP	1	74.54	66.39
902429737	SMP	1	74.68	66.53
902449703	SMP	1	74.65	65.53
902469735	SMP	1	73.80	66.57
902489712	SMP	1	74.47	66.56
902509733	SMP	1	74.68	65.66
902529694	SMP	1	74.58	66.50
902549655	SMP	1	74.69	66.41
902569614	SMP	1	74.74	66.46
902589636	SMP	1	74.56	66.40
902609596	SMP	1	74.51	65.72
902629616	SMP	1	75.15	65.48
902649574	SMP	1	74.54	66.44
902669597	SMP	1	74.52	65.49
902689556	SMP	1	74.43	65.51
902709579	SMP	1	74.48	66.34
902729537	SMP	1	74.72	66.62
902749558	SMP	1	74.57	65.63
902769517	SMP	1	74.48	66.56
902789539	SMP	1	74.75	65.58
902809498	SMP	1	74.46	65.65
902829516	SMP	1	74.81	65.54
902849477	SMP	1	75.71	64.55
902869499	SMP	1	74.54	65.52
902889453	SMP	1	75.61	65.42
902909479	SMP	1	76.02	65.50
902929436	SMP	1	76.43	65.56
902949460	SMP	1	74.94	65.53
902969420	SMP	1	76.16	65.73
902989442	SMP	1	75.74	65.73
903009402	SMP	1	75.53	66.36
903029421	SMP	1	76.01	66.38
903049380	SMP	1	76.05	65.65
903069403	SMP	1	76.64	65.64
903089359	SMP	1	75.73	65.72
903109380	SMP	1	74.80	66.41
903129341	SMP	1	75.78	65.65
903149363	SMP	1	74.55	65.56
903169323	SMP	1	75.61	66.42
903189344	SMP	1	75.93	66.46
903209302	SMP	1	74.78	65.71
903229324	SMP	1	75.77	67.42
903249284	SMP	1	76.16	66.34
903269311	SMP	1	75.00	65.63
903289261	SMP	1	75.59	66.50
903309285	SMP	1	76.60	66.41
903329242	SMP	1	75.36	66.51
903349262	SMP	1	75.76	66.48
903369222	SMP	1	75.75	67.28
903389241	SMP	1	76.67	65.65
903409205	SMP	1	75.81	65.68
903429226	SMP	1	76.54	67.14
903449184	SMP	1	76.67	66.43
903469206	SMP	1	76.44	65.56
903489163	SMP	1	75.77	66.37
903509189	SMP	1	76.48	66.35
903529145	SMP	1	76.11	65.64
903549165	SMP	1	76.50	66.44
903569123	SMP	1	76.69	65.58
903589148	SMP	1	76.82	65.60
903609105	SMP	1	76.43	65.53
903629129	SMP	1	75.70	66.48
903649089	SMP	1	77.47	67.20
903669108	SMP	1	75.66	66.53
903689068	SMP	1	75.47	66.59
903709090	SMP	1	75.90	65.66
903729051	SMP	1	76.63	66.55
903749070	SMP	1	76.21	66.44
903769030	SMP	1	76.72	66.49
903789052	SMP	1	76.74	66.42
903809012	SMP	1	76.50	66.52
903829029	SMP	1	76.71	66.50
903848985	SMP	1	76.51	66.54
903869011	SMP	1	76.55	65.71
903888970	SMP	1	76.60	67.30
903908994	SMP	1	76.00	66.48
903928951	SMP	1	76.82	66.54
903948980	SMP	1	76.62	66.30
903968933	SMP	1	75.96	66.52
903988954	SMP	1	76.67	66.52
904008913	SMP	1	76.26	66.56
904028933	SMP	1	76.80	65.65
904048893	SMP	1	75.68	66.45
904068915	SMP	1	76.87	65.52
904088871	SMP	1	76.68	67.33
904108891	SMP	1	76.69	65.63
904128852	SMP	1	75.61	66.68
904148874	SMP	1	76.67	66.46
904168834	SMP	1	75.71	65.56
904188856	SMP	1	76.67	67.26
904208816	SMP	1	75.76	67.44
904228837	SMP	1	76.67	67.36
904248793	SMP	1	75.63	66.48
904268817	SMP	1	75.75	66.60
904288777	SMP	1	77.23	66.49
904308797	SMP	1	77.44	66.42
904328756	SMP	1	76.01	67.56
904348776	SMP	1	76.07	66.63
904368737	SMP	1	75.40	67.41
904388757	SMP	1	76.12	67.25
904408715	SMP	1	77.27	67.35
904428739	SMP	1	76.49	66.67
904448699	SMP	1	75.81	66.57
904468718	SMP	1	76.35	66.58
904488678	SMP	1	76.30	66.58
904508698	SMP	1	75.75	65.54
904528658	SMP	1	74.64	65.65
904548677	SMP	1	74.80	66.50
904568639	SMP	1	75.58	66.39
904588658	SMP	1	74.77	65.53
904608619	SMP	1	75.88	66.47
904628647	SMP	1	75.66	65.48
904648600	SMP	1	75.73	66.51
904668620	SMP	1	75.64	67.28
904688579	SMP	1	75.74	67.14
904708601	SMP	1	75.41	66.62
904728560	SMP	1	76.70	66.60
904748579	SMP	1	75.82	65.67
904768542	SMP	1	76.59	67.38
904788564	SMP	1	76.59	66.53
904808520	SMP	1	75.91	67.36
904828540	SMP	1	75.94	66.58
904848497	SMP	1	76.40	67.25
904868523	SMP	1	75.81	66.53
904888483	SMP	1	76.49	66.50
904908501	SMP	1	76.47	65.43
904928472	SMP	1	74.69	67.32
904948485	SMP	1	75.79	65.53
904968443	SMP	1	75.60	66.72
904988466	SMP	1	75.81	67.53
905008425	SMP	1	74.80	66.54
905028445	SMP	1	74.72	66.59
905048400	SMP	1	75.52	66.45
905068426	SMP	1	75.87	67.41
905088384	SMP	1	75.78	66.42
905108406	SMP	1	75.65	67.22
905128365	SMP	1	75.73	66.52
905148384	SMP	1	76.76	67.37
905168345	SMP	1	75.69	67.45
905188368	SMP	1	75.60	67.33
905208328	SMP	1	75.43	67.32
905228348	SMP	1	75.51	66.43
905248306	SMP	1	75.69	67.45
905268326	SMP	1	75.69	66.67
905288282	SMP	1	76.16	67.34
905308310	SMP	1	76.49	67.39
905328264	SMP	1	76.48	67.38
905348285	SMP	1	75.83	67.61
905368245	SMP	1	77.25	68.22
905388270	SMP	1	76.14	67.52
905408228	SMP	1	75.84	68.44
905428249	SMP	1	76.55	67.51
905448207	SMP	1	77.40	67.50
905468229	SMP	1	76.97	67.54
905488191	SMP	1	75.48	67.76
905508210	SMP	1	75.71	67.66
905528169	SMP	1	76.58	67.62
905548187	SMP	1	75.85	68.08
905568150	SMP	1	75.76	66.78
905588172	SMP	1	75.53	67.41
905608140	SMP	1	77.00	67.51
905628153	SMP	1	76.55	67.41
905648112	SMP	1	75.21	68.32
905668133	SMP	1	75.52	66.54
905688089	SMP	1	76.73	68.40
905708114	SMP	1	76.56	67.53
905728072	SMP	1	76.47	67.48
905748092	SMP	1	76.53	67.56
905768050	SMP	1	75.60	67.28
905788075	SMP	1	75.54	66.56
905808033	SMP	1	76.49	68.28
905828053	SMP	1	74.76	68.39
905848009	SMP	1	75.71	67.66
905868035	SMP	1	74.95	67.77
905887994	SMP	1	75.56	67.74
905908015	SMP	1	75.54	66.64
905927974	SMP	1	75.97	68.47
905947996	SMP	1	75.68	67.59
905967955	SMP	1	76.86	67.43
905987976	SMP	1	75.83	68.44
906007935	SMP	1	76.62	68.43
906027956	SMP	1	76.35	67.58
906047913	SMP	1	75.83	68.52
906067937	SMP	1	75.04	67.60
906087893	SMP	1	75.66	67.65
906107920	SMP	1	75.94	68.33
906127877	SMP	1	76.14	67.46
906147900	SMP	1	74.77	67.34
906167859	SMP	1	75.06	67.56
906187878	SMP	1	76.13	67.55
906207837	SMP	1	75.79	67.48
906227860	SMP	1	75.41	67.59
906247817	SMP	1	76.66	67.69
906267840	SMP	1	76.35	66.65
906287808	SMP	1	75.39	65.84
906307821	SMP	1	74.52	66.53
906327775	SMP	1	74.60	67.42
906347799	SMP	1	75.54	67.45
906367760	SMP	1	76.14	68.31
906387781	SMP	1	75.70	67.63
906407738	SMP	1	76.47	66.47
906427764	SMP	1	75.62	66.53
906447719	SMP	1	75.81	67.37
906467742	SMP	1	74.95	68.31
906487700	SMP	1	75.64	67.47
906507720	SMP	1	75.46	67.36
906527680	SMP	1	75.63	66.67
906547702	SMP	1	76.58	67.59
906567661	SMP	1	75.64	67.51
906587683	SMP	1	75.08	68.36
906607644	SMP	1	75.62	67.54
906627669	SMP	1	75.84	66.60
906647621	SMP	1	75.59	68.41
906667643	SMP	1	74.96	67.62
906687600	SMP	1	75.44	68.50
906707625	SMP	1	75.77	68.34
906727583	SMP	1	75.81	68.50
906747605	SMP	1	76.42	68.43
906767563	SMP	1	76.61	68.62
906787585	SMP	1	77.49	67.82
906807544	SMP	1	75.74	68.47
906827565	SMP	1	75.79	68.73
906847526	SMP	1	75.93	68.65
906867545	SMP	1	75.74	69.63
906887505	SMP	1	75.26	69.50
906907527	SMP	1	75.55	67.61
906927487	SMP	1	75.66	69.53
906947506	SMP	1	75.73	69.41
906967465	SMP	1	76.83	68.48
906987489	SMP	1	74.57	69.22
907007445	SMP	1	74.86	68.41
907027467	SMP	1	74.68	66.58
907047425	SMP	1	75.84	66.58
907067446	SMP	1	75.69	64.65
907087405	SMP	1	75.65	58.64
907107429	SMP	1	66.47	32.13
907127387	SMP	1	0.00	0.00
907147410	SMP	1	0.00	0.00
907167369	SMP	1	0.00	0.00
907187390	SMP	1	0.00	0.00
907207350	SMP	1	0.00	0.00
907227373	SMP	1	0.00	0.00
907247328	SMP	1	0.00	0.00
907267350	SMP	1	0.00	0.00
907287307	SMP	1	63.70	30.49
907307338	SMP	1	71.56	42.24
907327287	SMP	1	73.72	49.49
907347312	SMP	1	75.61	56.29
907367270	SMP	1	75.75	61.57
907387292	SMP	1	77.20	65.63
907407248	SMP	1	77.39	67.57
907427274	SMP	1	77.16	69.56
907447231	SMP	1	77.43	69.72
907467254	SMP	1	76.62	70.65
907487210	SMP	1	76.28	70.53
907507232	SMP	1	76.81	70.69
907527191	SMP	1	77.03	70.62
907547214	SMP	1	75.82	70.48
907567174	SMP	1	76.63	71.04
907587195	SMP	1	76.02	70.38
907607154	SMP	1	76.56	70.43
907627175	SMP	1	76.56	71.36
907647135	SMP	1	77.13	70.47
907667156	SMP	1	75.18	70.61
907687114	SMP	1	76.78	72.44
907707137	SMP	1	76.53	71.52
907727096	SMP	1	76.57	71.49
907747116	SMP	1	77.67	71.58
907767073	SMP	1	76.69	72.46
907787095	SMP	1	75.77	72.36
907807058	SMP	1	76.51	72.37
907827077	SMP	1	75.95	73.18
907847037	SMP	1	76.72	71.39
907867059	SMP	1	76.90	72.35
907887017	SMP	1	75.90	72.32
907907038	SMP	1	76.16	71.55
907926997	SMP	1	75.91	72.46
907947018	SMP	1	76.00	72.26
907966977	SMP	1	75.68	72.32
907987013	SMP	1	76.30	72.24
908006960	SMP	1	75.92	73.30
908026979	SMP	1	76.78	72.33
908046938	SMP	1	74.85	71.55
908066961	SMP	1	75.81	72.47
908086918	SMP	1	75.41	72.65
908106942	SMP	1	75.84	71.62
908126900	SMP	1	76.60	72.42
908146922	SMP	1	76.73	71.48
908166881	SMP	1	76.16	72.33
908186897	SMP	1	75.87	72.57
908206864	SMP	1	75.88	72.38
908226884	SMP	1	75.93	72.16
908246842	SMP	1	75.88	72.43
908266863	SMP	1	75.88	70.53
908286826	SMP	1	75.26	71.49
908306844	SMP	1	75.85	71.41
908326802	SMP	1	76.82	71.54
908346822	SMP	1	76.00	72.30
908366782	SMP	1	76.00	72.29
908386804	SMP	1	76.53	71.30
908406759	SMP	1	76.56	72.37
908426785	SMP	1	76.65	71.44
908446742	SMP	1	76.68	70.65
908466764	SMP	1	77.46	71.65
908486724	SMP	1	75.79	71.44
908506742	SMP	1	76.13	71.48
908526705	SMP	1	76.46	71.19
908546727	SMP	1	75.55	71.46
908566687	SMP	1	76.57	71.48
908586706	SMP	1	75.91	70.56
908606665	SMP	1	75.77	71.46
908626688	SMP	1	76.71	71.52
908646646	SMP	1	76.88	71.54
908666667	SMP	1	76.74	71.46
908686623	SMP	1	76.59	71.58
908706650	SMP	1	77.52	71.37
908726606	SMP	1	76.93	72.42
908746630	SMP	1	76.86	71.59
908766585	SMP	1	76.83	72.41
908786604	SMP	1	76.80	72.35
908806567	SMP	1	76.82	71.50
908826586	SMP	1	77.78	71.41
908846543	SMP	1	77.24	71.34
908866570	SMP	1	77.54	72.30
908886529	SMP	1	76.17	71.54
908906550	SMP	1	75.97	72.39
908926509	SMP	1	75.68	71.53
908946529	SMP	1	76.40	71.36
908966498	SMP	1	76.34	70.44
908986511	SMP	1	76.71	70.61
909006467	SMP	1	76.55	71.38
909026491	SMP	1	76.58	70.69
909046447	SMP	1	76.59	70.72
909066469	SMP	1	77.69	70.54
909086430	SMP	1	74.74	70.80
909106453	SMP	1	76.58	71.62
909126411	SMP	1	75.72	70.71
909146436	SMP	1	76.66	70.49
909166394	SMP	1	77.74	71.47
909186410	SMP	1	76.68	69.71
909206374	SMP	1	77.43	71.32
909226395	SMP	1	77.73	71.43
909246352	SMP	1	76.46	71.47
909266373	SMP	1	76.81	72.11
909286334	SMP	1	76.46	71.46
909306355	SMP	1	76.83	70.60
909326312	SMP	1	75.86	70.75
909346335	SMP	1	76.59	71.48
909366293	SMP	1	75.76	70.40
909386317	SMP	1	77.00	71.45
909406275	SMP	1	76.69	70.70
909426296	SMP	1	76.63	71.45
909446257	SMP	1	76.93	70.70
909466277	SMP	1	76.83	70.42
909486233	SMP	1	76.86	70.54
909506255	SMP	1	77.61	70.49
909526214	SMP	1	77.24	70.60
909546235	SMP	1	75.99	70.67
909566197	SMP	1	75.80	71.53
909586219	SMP	1	76.27	71.29
909606178	SMP	1	77.54	71.56
909626198	SMP	1	76.50	71.23
909646163	SMP	1	75.57	71.16
909666180	SMP	1	75.73	69.64
909686138	SMP	1	75.77	70.61
909706160	SMP	1	75.86	70.60
909726119	SMP	1	76.67	70.53
909746140	SMP	1	75.75	70.45
909766095	SMP	1	75.95	70.34
909786121	SMP	1	76.94	70.67
909806080	SMP	1	75.88	70.48
909826097	SMP	1	76.12	69.36
909846058	SMP	1	76.12	70.45
909866081	SMP	1	76.11	70.48
909886041	SMP	1	76.40	70.49
909906061	SMP	1	75.72	69.56
909926020	SMP	1	75.87	70.49
909946042	SMP	1	75.85	70.55
909965999	SMP	1	75.79	70.65
909986026	SMP	1	75.89	71.28
910005978	SMP	1	76.31	69.68
910026003	SMP	1	75.61	69.59
910045962	SMP	1	75.99	70.53
910065984	SMP	1	75.68	70.51
910085941	SMP	1	75.86	70.39
910105964	SMP	1	76.08	70.54
910125923	SMP	1	75.62	69.55
910145945	SMP	1	76.24	69.62
910165902	SMP	1	75.82	70.53
910185926	SMP	1	76.43	69.49
910205884	SMP	1	75.85	71.26
910225908	SMP	1	76.92	69.58
910245865	SMP	1	75.67	69.61
910265884	SMP	1	75.90	70.37
910285842	SMP	1	75.68	69.61
910305867	SMP	1	75.62	68.64
910325826	SMP	1	75.81	69.58
910345848	SMP	1	76.64	69.48
910365808	SMP	1	76.11	69.82
910385826	SMP	1	75.84	69.54
910405787	SMP	1	74.61	69.44
910425806	SMP	1	75.53	69.52
910445763	SMP	1	76.51	69.57
910465786	SMP	1	76.15	69.68
910485745	SMP	1	76.55	69.57
910505768	SMP	1	75.83	68.83
910525728	SMP	1	75.67	69.66
910545749	SMP	1	75.99	69.57
910565708	SMP	1	75.79	70.52
910585728	SMP	1	75.69	69.67
910605687	SMP	1	75.48	68.78
910625708	SMP	1	75.84	70.46
910645670	SMP	1	77.47	70.37
910665698	SMP	1	75.71	69.61
910685649	SMP	1	76.45	69.71
910705672	SMP	1	75.78	68.54
910725631	SMP	1	75.48	67.82
910745651	SMP	1	75.91	68.45
910765611	SMP	1	76.45	68.66
910785633	SMP	1	75.51	69.34
910805590	SMP	1	75.88	68.78
910825612	SMP	1	75.71	68.42
910845571	SMP	1	74.83	68.72
910865592	SMP	1	75.79	69.37
910885552	SMP	1	74.84	67.62
910905573	SMP	1	75.34	68.45
910925534	SMP	1	75.08	69.39
910945552	SMP	1	74.93	69.34
910965512	SMP	1	76.38	68.51
910985533	SMP	1	75.67	68.64
911005490	SMP	1	75.38	69.51
911025514	SMP	1	75.83	68.73
911045474	SMP	1	75.68	68.63
911065494	SMP	1	76.56	69.18
911085456	SMP	1	74.60	69.65
911105477	SMP	1	76.04	69.25
911125433	SMP	1	75.71	69.53
911145458	SMP	1	76.41	69.48
911165415	SMP	1	76.79	69.46
911185438	SMP	1	75.68	69.50
911205395	SMP	1	75.74	70.38
911225413	SMP	1	75.19	69.55
911245376	SMP	1	75.30	70.23
911265392	SMP	1	75.67	69.57
911285356	SMP	1	75.93	70.37
911305379	SMP	1	76.50	70.43
911325336	SMP	1	75.47	69.40
911345366	SMP	1	75.68	69.71
911365319	SMP	1	75.36	70.39
911385339	SMP	1	75.65	68.70
911405297	SMP	1	75.56	69.43
911425318	SMP	1	75.64	68.46
911445274	SMP	1	75.80	69.30
911465299	SMP	1	75.89	67.53
911485258	SMP	1	74.70	66.67
911505279	SMP	1	75.51	68.37
911525239	SMP	1	75.29	66.62
911545260	SMP	1	74.94	65.54
911565219	SMP	1	73.56	66.57
911585242	SMP	1	71.59	64.66
911605202	SMP	1	71.42	65.38
911625222	SMP	1	70.87	63.65
911645184	SMP	1	69.67	64.42
911665202	SMP	1	69.82	63.50
911685159	SMP	1	67.70	61.76
911705183	SMP	1	66.67	64.21
911725139	SMP	1	68.03	62.48
911745163	SMP	1	65.78	62.52
911765121	SMP	1	65.70	61.72
911785144	SMP	1	65.18	61.56
911805104	SMP	1	64.85	61.61
911825124	SMP	1	63.81	60.51
911845083	SMP	1	62.92	61.23
911865104	SMP	1	62.64	59.21
911885064	SMP	1	61.73	58.57
911905086	SMP	1	61.87	58.68
911925043	SMP	1	61.65	58.50
911945066	SMP	1	61.17	57.61
911965024	SMP	1	59.81	58.39
911985044	SMP	1	60.53	57.39
912005004	SMP	1	58.59	56.52
912025034	SMP	1	58.97	56.45
912044985	SMP	1	58.50	56.55
912065008	SMP	1	58.57	54.66
912084968	SMP	1	58.74	56.31
912104988	SMP	1	57.82	54.68
912124943	SMP	1	57.69	55.28
912144969	SMP	1	56.71	54.62
912164928	SMP	1	57.94	55.32
912184948	SMP	1	56.76	54.40
912204909	SMP	1	56.58	54.40
912224928	SMP	1	57.72	52.62
912244888	SMP	1	57.02	55.36
912264908	SMP	1	56.88	55.07
912284868	SMP	1	56.49	53.44
912304889	SMP	1	56.56	54.37
912324855	SMP	1	56.58	53.72
912344872	SMP	1	57.08	54.43
912364828	SMP	1	56.36	53.41
912384850	SMP	1	56.06	55.35
912404809	SMP	1	56.47	54.35
912424829	SMP	1	57.84	53.58
912444785	SMP	1	56.61	54.55
912464811	SMP	1	56.44	53.75
912484771	SMP	1	56.40	53.75
912504793	SMP	1	56.86	54.30
912524751	SMP	1	56.87	54.36
912544772	SMP	1	55.71	54.65
912564732	SMP	1	55.64	54.44
912584753	SMP	1	56.45	54.60
912604712	SMP	1	55.51	54.46
912624732	SMP	1	55.61	52.83
912644692	SMP	1	55.56	53.56
912664714	SMP	1	54.74	53.57
912684672	SMP	1	54.59	54.41
912704694	SMP	1	55.40	53.65
912724649	SMP	1	55.34	54.24
912744674	SMP	1	56.54	54.52
912764630	SMP	1	55.72	54.42
912784657	SMP	1	56.72	55.37
912804613	SMP	1	57.62	54.59
912824635	SMP	1	57.48	55.22
912844594	SMP	1	58.89	55.51
912864618	SMP	1	58.57	56.41
912884575	SMP	1	58.65	56.43
912904601	SMP	1	58.66	57.16
912924552	SMP	1	60.08	56.60
912944577	SMP	1	59.76	58.23
912964535	SMP	1	61.39	57.75
912984559	SMP	1	59.68	58.62
913004523	SMP	1	59.66	59.30
913024539	SMP	1	61.59	58.41
913044495	SMP	1	61.86	58.66
913064520	SMP	1	62.02	58.47
913084479	SMP	1	61.97	59.53
913104501	SMP	1	61.59	60.43
913124455	SMP	1	62.68	61.26
913144482	SMP	1	61.73	61.32
913164439	SMP	1	63.22	61.38
913184462	SMP	1	63.16	60.69
913204417	SMP	1	62.60	61.42
913224439	SMP	1	63.82	61.58
913244400	SMP	1	64.68	60.60
913264420	SMP	1	64.54	62.40
913284379	SMP	1	63.80	61.76
913304400	SMP	1	64.69	61.49
913324360	SMP	1	65.73	62.42
913344380	SMP	1	65.63	62.43
913364341	SMP	1	65.25	62.46
913384363	SMP	1	64.97	62.32
913404322	SMP	1	64.69	63.29
913424339	SMP	1	66.93	63.32
913444301	SMP	1	66.66	62.52
913464326	SMP	1	66.73	62.48
913484282	SMP	1	67.69	64.28
913504302	SMP	1	65.89	62.81
913524263	SMP	1	66.76	63.42
913544284	SMP	1	67.83	63.53
913564243	SMP	1	67.69	63.55
913584265	SMP	1	67.70	65.21
913604222	SMP	1	68.46	64.35
913624245	SMP	1	67.51	64.40
913644203	SMP	1	67.76	65.29
913664226	SMP	1	67.83	63.35
913684192	SMP	1	68.64	63.49
913704203	SMP	1	67.02	63.79
913724166	SMP	1	67.55	65.33
913744186	SMP	1	67.80	64.49
913764146	SMP	1	67.69	64.39
913784167	SMP	1	67.80	63.77
913804127	SMP	1	68.52	64.50
913824147	SMP	1	68.63	63.69
913844107	SMP	1	68.58	64.58
913864129	SMP	1	67.25	64.44
913884085	SMP	1	69.73	63.57
913904109	SMP	1	68.67	63.66
913924067	SMP	1	69.39	65.37
913944085	SMP	1	69.02	64.76
913964045	SMP	1	68.52	65.21
913984070	SMP	1	68.60	65.36
914004029	SMP	1	69.29	64.61
914024058	SMP	1	68.68	63.42
914044008	SMP	1	69.64	64.65
914064031	SMP	1	68.38	65.40
914083990	SMP	1	68.16	65.41
914104013	SMP	1	69.38	64.45
914123969	SMP	1	68.83	65.45
914143990	SMP	1	69.98	66.32
914163950	SMP	1	69.46	65.51
914183971	SMP	1	69.76	65.48
914203929	SMP	1	68.82	65.57
914223953	SMP	1	69.81	65.63
914243912	SMP	1	71.16	64.59
914263933	SMP	1	69.71	65.41
914283891	SMP	1	69.30	63.56
914303913	SMP	1	68.90	63.55
914323873	SMP	1	68.85	63.58
914343893	SMP	1	68.71	63.51
914363853	SMP	1	68.60	64.41
914383872	SMP	1	69.45	63.49
914403832	SMP	1	69.37	63.53
914423855	SMP	1	69.71	62.69
914443812	SMP	1	69.85	62.61
914463836	SMP	1	69.67	61.49
914483795	SMP	1	69.64	60.54
914503815	SMP	1	69.64	61.68
914523772	SMP	1	69.64	61.52
914543795	SMP	1	70.21	62.41
914563753	SMP	1	68.66	63.40
914583776	SMP	1	69.72	64.52
914603735	SMP	1	68.83	63.33
914623757	SMP	1	70.62	64.45
914643717	SMP	1	69.75	65.23
914663736	SMP	1	70.18	65.50
914683695	SMP	1	70.31	66.38
914703726	SMP	1	70.15	66.40
914723675	SMP	1	69.00	66.47
914743699	SMP	1	69.63	64.92
914763656	SMP	1	69.71	66.43
914783680	SMP	1	69.69	66.52
914803637	SMP	1	69.50	66.45
914823659	SMP	1	70.39	67.12
914843619	SMP	1	68.91	66.61
914863638	SMP	1	69.97	67.29
914883597	SMP	1	69.72	67.39
914903620	SMP	1	69.75	65.62
914923576	SMP	1	70.30	67.49
914943597	SMP	1	70.24	66.57
914963560	SMP	1	69.45	66.57
914983578	SMP	1	70.87	67.49
915003539	SMP	1	70.53	67.44
915023563	SMP	1	70.94	66.57
915043521	SMP	1	70.58	66.81
915063543	SMP	1	70.97	67.43
915083503	SMP	1	70.56	67.31
915103524	SMP	1	71.76	68.30
915123482	SMP	1	71.76	68.14
915143501	SMP	1	70.73	68.32
915163458	SMP	1	69.73	68.33
915183483	SMP	1	72.33	67.42
915203438	SMP	1	69.90	66.52
915223464	SMP	1	70.79	67.59
915243423	SMP	1	70.75	68.20
915263444	SMP	1	71.68	67.45
915283403	SMP	1	70.74	67.45
915303428	SMP	1	71.63	67.68
915323383	SMP	1	71.42	67.58
915343405	SMP	1	70.74	68.30
915363364	SMP	1	70.79	68.39
915383397	SMP	1	70.67	67.67
915403346	SMP	1	70.61	67.55
915423368	SMP	1	70.81	67.53
915443327	SMP	1	70.77	67.38
915463347	SMP	1	71.83	66.60
915483307	SMP	1	71.77	68.21
915503327	SMP	1	71.68	67.50
915523286	SMP	1	71.09	67.50
915543308	SMP	1	72.44	67.54
915563266	SMP	1	72.19	67.59
915583291	SMP	1	72.64	66.61
915603249	SMP	1	70.59	67.50
915623264	SMP	1	71.56	68.45
915643227	SMP	1	71.68	68.48
915663249	SMP	1	70.64	68.28
915683213	SMP	1	71.79	67.52
915703230	SMP	1	72.72	68.49
915723188	SMP	1	73.39	68.60
915743211	SMP	1	71.45	68.50
915763168	SMP	1	72.80	69.58
915783190	SMP	1	71.67	69.23
915803151	SMP	1	72.35	68.42
915823170	SMP	1	72.55	70.09
915843129	SMP	1	71.96	68.54
915863153	SMP	1	71.84	68.80
915883109	SMP	1	71.56	68.42
915903132	SMP	1	71.84	69.29
915923089	SMP	1	71.65	67.66
915943109	SMP	1	71.74	68.62
915963072	SMP	1	71.44	68.35
915983093	SMP	1	71.29	68.36
916003052	SMP	1	72.65	68.55
916023074	SMP	1	72.38	68.42
916043032	SMP	1	71.73	68.53
916063055	SMP	1	73.17	68.58
916083014	SMP	1	72.48	67.58
916103035	SMP	1	72.05	70.30
916122993	SMP	1	72.73	69.34
916143016	SMP	1	72.88	67.48
916162973	SMP	1	72.77	70.40
916182997	SMP	1	72.28	68.48
916202950	SMP	1	71.77	68.72
916222976	SMP	1	73.48	68.58
916242935	SMP	1	72.73	69.27
916262956	SMP	1	71.40	69.57
916282916	SMP	1	72.47	71.18
916302933	SMP	1	73.39	69.19
916322896	SMP	1	72.79	68.33
916342916	SMP	1	72.64	69.56
916362881	SMP	1	71.60	68.43
916382893	SMP	1	73.38	68.60
916402857	SMP	1	72.98	70.03
916422878	SMP	1	71.93	68.54
916442838	SMP	1	72.52	68.80
916462859	SMP	1	72.13	68.65
916482819	SMP	1	72.49	69.16
916502840	SMP	1	72.68	69.29
916522798	SMP	1	72.53	69.46
916542820	SMP	1	73.48	69.25
916562778	SMP	1	72.53	69.40
916582802	SMP	1	72.60	69.42
916602760	SMP	1	73.35	68.57
916622781	SMP	1	72.71	68.59
916642738	SMP	1	73.39	68.52
916662757	SMP	1	73.38	69.33
916682718	SMP	1	72.45	69.43
916702739	SMP	1	72.65	69.63
916722695	SMP	1	73.40	69.41
916742723	SMP	1	72.24	69.29
916762680	SMP	1	73.27	69.54
916782703	SMP	1	73.67	69.68
916802661	SMP	1	72.73	70.36
916822682	SMP	1	72.68	69.40
916842642	SMP	1	72.67	69.62
916862664	SMP	1	72.81	69.59
916882623	SMP	1	72.80	68.73
916902644	SMP	1	73.65	70.30
916922600	SMP	1	72.06	68.71
916942620	SMP	1	72.61	69.55
916962583	SMP	1	72.71	69.54
916982606	SMP	1	72.74	69.63
917002560	SMP	1	72.04	69.57
917022587	SMP	1	72.72	69.56
917042553	SMP	1	71.54	69.61
917062567	SMP	1	73.02	67.62
917082526	SMP	1	73.07	68.38
917102547	SMP	1	72.97	69.56
917122502	SMP	1	72.80	68.35
917142526	SMP	1	74.27	70.32
917162486	SMP	1	72.83	68.71
917182506	SMP	1	72.99	69.30
917202466	SMP	1	72.78	70.43
917222489	SMP	1	72.51	69.71
917242445	SMP	1	72.81	70.29
917262469	SMP	1	72.86	69.53
917282427	SMP	1	73.60	69.53
917302449	SMP	1	72.53	69.50
917322406	SMP	1	72.79	70.50
917342428	SMP	1	73.57	70.47
917362388	SMP	1	73.50	69.52
917382418	SMP	1	73.34	69.61
917402367	SMP	1	73.50	70.36
917422388	SMP	1	72.86	70.34
917442345	SMP	1	73.41	70.40
917462371	SMP	1	72.57	68.83
917482325	SMP	1	72.98	69.62
917502350	SMP	1	73.77	69.66
917522309	SMP	1	72.79	69.56
917542333	SMP	1	72.80	69.48
917562289	SMP	1	73.68	69.53
917582314	SMP	1	71.87	69.54
917602271	SMP	1	73.68	69.59
917622292	SMP	1	71.50	69.58
917642252	SMP	1	72.88	69.51
917662271	SMP	1	73.35	69.57
917682230	SMP	1	73.60	68.63
917702254	SMP	1	72.67	69.48
917722212	SMP	1	72.93	69.46
917742233	SMP	1	72.61	69.34
917762191	SMP	1	73.64	69.51
917782214	SMP	1	72.85	70.47
917802173	SMP	1	73.18	69.44
917822193	SMP	1	73.70	69.45
917842153	SMP	1	73.53	69.61
917862173	SMP	1	72.78	69.52
917882129	SMP	1	73.82	68.52
917902156	SMP	1	72.57	68.71
917922115	SMP	1	73.96	69.67
917942134	SMP	1	72.82	70.91
917962096	SMP	1	72.63	69.59
917982118	SMP	1	73.55	69.33
918002074	SMP	1	73.72	70.94
918022095	SMP	1	72.50	69.70
918042065	SMP	1	72.93	69.57
918062087	SMP	1	73.96	69.81
918082036	SMP	1	73.65	70.34
918102061	SMP	1	73.53	68.70
918122018	SMP	1	73.97	70.35
918142042	SMP	1	73.55	70.11
918161997	SMP	1	73.67	69.73
918182020	SMP	1	73.00	69.47
918201975	SMP	1	73.51	70.32
918222001	SMP	1	73.94	69.56
918241956	SMP	1	73.68	68.89
918261979	SMP	1	73.76	69.48
918281939	SMP	1	72.39	69.74
918301961	SMP	1	73.78	69.44
918321917	SMP	1	73.58	69.37
918341939	SMP	1	73.74	70.47
918361895	SMP	1	73.57	68.75
918381918	SMP	1	73.58	70.47
918401878	SMP	1	73.73	70.49
918421898	SMP	1	73.74	69.59
918441862	SMP	1	75.14	70.39
918461881	SMP	1	74.48	69.53
918481841	SMP	1	74.70	70.43
918501863	SMP	1	73.85	69.65
918521818	SMP	1	74.39	70.58
918541844	SMP	1	72.71	70.43
918561801	SMP	1	74.74	71.33
918581826	SMP	1	74.69	70.55
918601782	SMP	1	74.00	70.60
918621802	SMP	1	72.96	69.81
918641762	SMP	1	72.60	70.40
918661780	SMP	1	73.76	69.47
918681745	SMP	1	73.74	70.46
918701763	SMP	1	72.41	70.51
918721725	SMP	1	73.78	70.56
918741752	SMP	1	73.64	70.13
918761703	SMP	1	73.70	70.42
918781726	SMP	1	73.91	70.30
918801682	SMP	1	73.70	70.48
918821708	SMP	1	73.67	71.32
918841664	SMP	1	73.76	71.16
918861686	SMP	1	73.65	69.61
918881641	SMP	1	73.60	69.66
918901667	SMP	1	74.55	70.36
918921627	SMP	1	74.64	69.80
918941645	SMP	1	73.53	69.85
918961605	SMP	1	73.55	70.43
918981630	SMP	1	74.72	71.03
919001587	SMP	1	73.74	71.30
919021610	SMP	1	74.51	70.39
919041573	SMP	1	74.92	71.09
919061588	SMP	1	74.59	70.50
919081544	SMP	1	73.90	70.64
919101569	SMP	1	73.84	70.73
919121528	SMP	1	74.41	70.54
919141549	SMP	1	72.63	70.64
919161505	SMP	1	75.73	70.58
919181531	SMP	1	73.82	70.69
919201489	SMP	1	74.83	71.23
919221508	SMP	1	72.98	70.46
919241469	SMP	1	73.04	71.24
919261490	SMP	1	72.90	70.43
919281451	SMP	1	74.44	70.46
919301471	SMP	1	74.66	71.51
919321429	SMP	1	74.48	70.50
919341450	SMP	1	74.50	70.67
919361407	SMP	1	73.84	71.35
919381433	SMP	1	73.75	70.80
919401391	SMP	1	72.89	69.64
919421413	SMP	1	73.55	70.34
919441371	SMP	1	73.15	69.50
919461395	SMP	1	72.79	69.59
919481353	SMP	1	73.87	70.47
919501374	SMP	1	72.76	70.22
919521334	SMP	1	74.57	71.15
919541354	SMP	1	74.64	70.59
919561309	SMP	1	74.83	70.61
919581337	SMP	1	73.75	70.38
919601294	SMP	1	74.74	71.36
919621314	SMP	1	74.10	70.40
919641268	SMP	1	73.84	70.65
919661292	SMP	1	74.79	70.64
919681255	SMP	1	74.63	69.49
919701276	SMP	1	74.07	70.62
919721242	SMP	1	74.19	70.71
919741259	SMP	1	75.06	71.55
919761213	SMP	1	74.38	70.64
919781238	SMP	1	75.55	70.97
919801197	SMP	1	74.69	70.42
919821218	SMP	1	74.82	71.23
919841175	SMP	1	73.82	72.43
919861197	SMP	1	73.62	71.59
919881154	SMP	1	74.84	70.71
919901179	SMP	1	74.42	69.51
919921138	SMP	1	74.43	70.49
919941160	SMP	1	75.56	70.49
919961119	SMP	1	74.11	71.49
919981141	SMP	1	74.83	70.50
920001100	SMP	1	74.00	70.88
920021122	SMP	1	73.92	70.51
920041079	SMP	1	74.18	70.70
920061099	SMP	1	74.66	72.09
920081059	SMP	1	74.26	71.52
920101082	SMP	1	73.79	70.70
920121041	SMP	1	75.45	69.68
920141064	SMP	1	73.51	71.26
920161017	SMP	1	74.09	71.32
920181042	SMP	1	73.77	70.83
920201000	SMP	1	73.78	71.40
920221023	SMP	1	75.12	71.38
920240982	SMP	1	74.49	71.27
920261004	SMP	1	74.10	72.20
920280962	SMP	1	74.81	71.43
920300982	SMP	1	73.73	72.16
920320944	SMP	1	74.91	72.30
920340962	SMP	1	74.70	71.69
920360922	SMP	1	74.54	71.70
920380943	SMP	1	74.48	71.71
920400908	SMP	1	74.73	71.36
920420920	SMP	1	74.38	71.40
920440884	SMP	1	73.99	70.73
920460907	SMP	1	74.31	70.87
920480862	SMP	1	75.52	72.31
920500887	SMP	1	74.57	71.92
920520844	SMP	1	73.61	70.53
920540867	SMP	1	74.74	72.16
920560822	SMP	1	74.45	70.82
920580847	SMP	1	74.63	71.47
920600805	SMP	1	72.90	71.60
920620827	SMP	1	75.03	70.68
920640786	SMP	1	74.61	71.65
920660809	SMP	1	73.39	71.51
920680764	SMP	1	74.53	70.74
920700787	SMP	1	74.90	71.46
920720747	SMP	1	74.65	71.41
920740775	SMP	1	75.77	71.42
920760726	SMP	1	73.73	70.62
920780750	SMP	1	74.84	72.19
920800707	SMP	1	74.92	72.44
920820731	SMP	1	74.82	70.62
920840687	SMP	1	74.84	71.35
920860708	SMP	1	74.57	70.54
920880670	SMP	1	74.82	70.82
920900689	SMP	1	73.74	70.91
920920649	SMP	1	75.66	71.21
920940670	SMP	1	74.93	72.40
920960632	SMP	1	73.85	71.42
920980652	SMP	1	74.73	71.59
921000611	SMP	1	74.63	70.64
921020634	SMP	1	74.64	71.61
921040590	SMP	1	74.52	71.35
921060612	SMP	1	73.10	71.41
921080572	SMP	1	74.60	70.63
921100593	SMP	1	74.61	70.48
921120553	SMP	1	74.75	70.62
921140570	SMP	1	74.73	71.37
921160532	SMP	1	74.85	70.64
921180552	SMP	1	74.56	70.49
921200512	SMP	1	74.67	71.42
921220534	SMP	1	75.39	71.24
921240493	SMP	1	75.48	71.60
921260514	SMP	1	74.95	72.02
921280473	SMP	1	74.74	71.52
921300495	SMP	1	74.49	71.53
921320452	SMP	1	74.91	70.72
921340475	SMP	1	74.83	70.50
921360432	SMP	1	74.84	69.76
921380453	SMP	1	74.84	70.61
921400416	SMP	1	74.67	71.43
921420438	SMP	1	74.83	71.28
921440396	SMP	1	74.83	67.57
921460415	SMP	1	73.57	54.47
921480372	SMP	1	65.63	30.42
921500397	SMP	1	0.00	0.00
921520357	SMP	1	0.00	0.00
921540378	SMP	1	0.00	0.00
921560336	SMP	1	61.27	26.36
921580357	SMP	1	68.81	32.43
921600312	SMP	1	70.96	39.52
921620333	SMP	1	71.64	47.36
921640295	SMP	1	72.63	54.48
921660314	SMP	1	74.39	59.59
921680278	SMP	1	73.86	63.57
921700299	SMP	1	75.72	65.53
921720258	SMP	1	74.76	67.36
921740279	SMP	1	75.71	68.79
921760233	SMP	1	74.97	69.63
921780261	SMP	1	74.90	70.21
921800219	SMP	1	75.87	69.71
921820242	SMP	1	74.78	69.44
921840200	SMP	1	73.92	70.43
921860221	SMP	1	75.59	70.37
921880179	SMP	1	74.84	69.44
921900202	SMP	1	75.68	70.50
921920161	SMP	1	74.85	69.58
921940184	SMP	1	74.79	70.59
921960142	SMP	1	75.37	69.52
921980163	SMP	1	74.91	71.36
922000122	SMP	1	74.66	70.45
922020145	SMP	1	75.02	69.77
922040098	SMP	1	72.75	71.35
922060126	SMP	1	74.87	71.38
922080080	SMP	1	74.90	71.23
922100111	SMP	1	73.72	70.49
922120063	SMP	1	75.88	71.41
922140084	SMP	1	73.75	69.92
922160045	SMP	1	74.01	70.47
922180066	SMP	1	73.86	70.50
922200023	SMP	1	75.16	71.19
922220047	SMP	1	74.00	70.57
922240005	SMP	1	74.86	70.46
922260025	SMP	1	73.98	70.37
922279985	SMP	1	73.75	71.14
922300001	SMP	1	74.50	70.47
922319962	SMP	1	73.74	70.46
922339986	SMP	1	74.83	70.55
922359944	SMP	1	74.29	70.38
922379969	SMP	1	75.13	70.50
922399931	SMP	1	73.56	71.24
922419948	SMP	1	73.88	71.31
922439908	SMP	1	73.75	70.59
922459926	SMP	1	74.10	70.40
922479889	SMP	1	74.63	70.56
922499908	SMP	1	73.75	70.47
922519868	SMP	1	74.75	70.52
922539891	SMP	1	75.05	70.53
922559846	SMP	1	73.98	71.41
922579872	SMP	1	74.71	69.62
922599827	SMP	1	74.04	71.35
922619850	SMP	1	74.72	70.51
922639805	SMP	1	74.95	71.24
922659826	SMP	1	74.72	71.35
922679791	SMP	1	75.61	70.67
922699809	SMP	1	73.36	70.64
922719769	SMP	1	73.87	70.60
922739787	SMP	1	74.04	70.52
922759749	SMP	1	75.00	71.44
922779773	SMP	1	74.41	71.55
922799731	SMP	1	73.96	70.67
922819752	SMP	1	74.74	71.41
922839710	SMP	1	73.99	71.28
922859731	SMP	1	74.00	71.42
922879687	SMP	1	75.57	72.29
922899717	SMP	1	75.03	71.35
922919673	SMP	1	74.96	71.43
922939695	SMP	1	74.86	71.60
922959655	SMP	1	74.79	70.59
922979675	SMP	1	74.66	71.59
922999635	SMP	1	74.95	70.60
923019650	SMP	1	75.65	72.32
923039615	SMP	1	74.81	71.36
923059636	SMP	1	73.82	71.37
923079600	SMP	1	74.67	72.14
923099612	SMP	1	74.52	70.52
923119576	SMP	1	74.83	70.37
923139596	SMP	1	74.76	71.29
923159550	SMP	1	75.48	71.37
923179578	SMP	1	75.67	71.64
923199537	SMP	1	75.62	71.51
923219559	SMP	1	74.59	71.32
923239517	SMP	1	75.62	71.41
923259538	SMP	1	75.98	72.33
923279491	SMP	1	75.79	71.33
923299514	SMP	1	74.59	71.46
923319473	SMP	1	74.45	71.63
923339498	SMP	1	76.13	70.41
923359454	SMP	1	76.32	71.50
923379475	SMP	1	75.92	71.63
923399439	SMP	1	75.60	71.54
923419461	SMP	1	75.68	70.53
923439414	SMP	1	75.77	71.40
923459441	SMP	1	74.43	71.47
923479397	SMP	1	75.41	71.43
923499419	SMP	1	76.72	71.59
923519381	SMP	1	74.61	71.38
923539400	SMP	1	76.28	71.48
923559360	SMP	1	75.42	72.26
923579376	SMP	1	75.71	71.58
923599336	SMP	1	76.46	70.77
923619363	SMP	1	76.02	71.42
923639318	SMP	1	75.79	72.19
923659342	SMP	1	75.52	71.54
923679302	SMP	1	75.64	72.42
923699323	SMP	1	75.75	71.53
923719278	SMP	1	75.96	71.41
923739305	SMP	1	75.57	71.47
923759275	SMP	1	75.70	72.16
923779283	SMP	1	75.57	71.52
923799240	SMP	1	76.44	70.69
923819260	SMP	1	75.63	71.51
923839224	SMP	1	75.63	71.34
923859245	SMP	1	75.00	72.25
923879205	SMP	1	76.17	71.48
923899227	SMP	1	75.20	70.47
923919184	SMP	1	74.54	71.41
923939206	SMP	1	74.61	71.33
923959166	SMP	1	73.94	71.38
923979188	SMP	1	74.94	72.32
923999143	SMP	1	75.53	72.30
924019167	SMP	1	75.52	70.76
924039127	SMP	1	75.52	71.57
924059149	SMP	1	75.59	71.66
924079105	SMP	1	75.34	71.54
924099131	SMP	1	75.96	73.17
924119088	SMP	1	75.99	72.66
924139110	SMP	1	75.97	71.61
924159065	SMP	1	74.75	71.58
924179086	SMP	1	75.75	72.63
924199047	SMP	1	75.57	72.33
924219070	SMP	1	74.69	71.59
924239028	SMP	1	75.65	72.38
924259052	SMP	1	75.67	72.44
924279008	SMP	1	76.18	71.67
924299031	SMP	1	74.62	71.62
924318986	SMP	1	74.91	71.69
924339010	SMP	1	75.62	71.64
924358969	SMP	1	74.68	72.39
924378993	SMP	1	74.89	72.29
924398949	SMP	1	74.77	71.63
924418970	SMP	1	75.62	72.32
924438929	SMP	1	74.61	72.38
924458954	SMP	1	74.89	70.60
924478911	SMP	1	74.70	71.66
924498927	SMP	1	74.99	72.34
924518893	SMP	1	75.75	71.54
924538911	SMP	1	74.61	71.48
924558871	SMP	1	74.76	71.58
924578892	SMP	1	73.67	71.28
924598849	SMP	1	74.95	71.41
924618872	SMP	1	74.69	72.26
924638832	SMP	1	75.63	71.62
924658855	SMP	1	73.88	72.39
924678813	SMP	1	73.71	71.68
924698833	SMP	1	74.66	71.74
924718793	SMP	1	74.89	73.32
924738815	SMP	1	73.95	72.30
924758772	SMP	1	73.78	72.44
924778804	SMP	1	74.13	71.47
924798752	SMP	1	76.13	71.62
924818775	SMP	1	73.64	71.60
924838735	SMP	1	74.56	71.15
924858756	SMP	1	73.85	71.60
924878712	SMP	1	74.08	70.53
924898738	SMP	1	74.74	70.65
924918693	SMP	1	73.49	72.27
924938716	SMP	1	74.73	71.39
924958677	SMP	1	73.70	71.21
924978700	SMP	1	74.91	70.73
924998656	SMP	1	74.92	72.29
925018678	SMP	1	74.93	71.38
925038639	SMP	1	74.66	71.54
925058660	SMP	1	74.87	72.16
925078616	SMP	1	74.84	71.67
925098642	SMP	1	74.78	71.36
925118599	SMP	1	75.57	71.58
925138617	SMP	1	75.74	72.30
925158578	SMP	1	75.03	72.39
925178600	SMP	1	74.34	72.48
925198560	SMP	1	75.02	71.53
925218582	SMP	1	74.97	71.54
925238539	SMP	1	74.78	72.29
925258561	SMP	1	74.80	72.60
925278520	SMP	1	75.42	73.39
925298539	SMP	1	75.27	72.47
925318496	SMP	1	72.40	71.69
925338521	SMP	1	75.75	71.77
925358481	SMP	1	74.22	72.33
925378503	SMP	1	73.89	71.45
925398461	SMP	1	74.45	71.45
925418483	SMP	1	74.05	71.55
925438443	SMP	1	73.48	72.37
925458474	SMP	1	73.86	73.13
925478420	SMP	1	73.57	71.57
925498444	SMP	1	73.87	71.38
925518401	SMP	1	72.94	71.43
925538421	SMP	1	73.82	70.34
925558384	SMP	1	73.79	71.48
925578403	SMP	1	73.53	70.44
925598360	SMP	1	73.64	71.47
925618386	SMP	1	73.13	70.59
925638340	SMP	1	73.81	71.55
925658367	SMP	1	74.12	71.63
925678326	SMP	1	74.17	72.08
925698346	SMP	1	73.65	71.56
925718305	SMP	1	74.79	71.37
925738325	SMP	1	74.33	72.37
925758289	SMP	1	71.90	70.64
925778309	SMP	1	74.26	70.60
925798265	SMP	1	74.82	70.53
925818289	SMP	1	73.77	71.47
925838246	SMP	1	72.09	71.42
925858269	SMP	1	73.93	71.55
925878227	SMP	1	74.89	71.59
925898248	SMP	1	74.76	71.44
925918208	SMP	1	72.89	71.55
925938227	SMP	1	73.62	71.50
925958186	SMP	1	72.83	71.42
925978211	SMP	1	72.91	72.47
925998170	SMP	1	73.49	71.46
926018193	SMP	1	74.62	70.61
926038147	SMP	1	73.57	71.57
926058171	SMP	1	73.88	71.59
926078128	SMP	1	73.02	71.56
926098153	SMP	1	74.48	71.39
926118110	SMP	1	73.76	71.56
926138131	SMP	1	73.60	70.66
926158092	SMP	1	73.77	70.53
926178112	SMP	1	74.59	70.62
926198067	SMP	1	73.88	70.32
926218092	SMP	1	74.04	70.57
926238048	SMP	1	74.94	70.61
926258073	SMP	1	75.02	71.48
926278033	SMP	1	74.17	71.45
926298051	SMP	1	74.38	71.52
926318007	SMP	1	75.03	70.78
926338032	SMP	1	74.94	70.59
926357988	SMP	1	73.09	71.43
926378016	SMP	1	74.16	71.46
926397973	SMP	1	73.66	71.54
926417996	SMP	1	74.97	71.59
926437958	SMP	1	74.41	71.53
926457976	SMP	1	75.46	70.77
926477931	SMP	1	75.00	71.62
926497957	SMP	1	74.69	71.49
926517912	SMP	1	73.58	71.51
926537930	SMP	1	75.24	71.43
926557895	SMP	1	74.71	72.37
926577913	SMP	1	72.52	71.49
926597870	SMP	1	73.95	71.48
926617897	SMP	1	74.66	69.67
926637858	SMP	1	73.90	71.41
926657878	SMP	1	72.45	71.54
926677830	SMP	1	74.03	70.50
926697852	SMP	1	73.87	71.39
926717816	SMP	1	73.97	71.54
926737835	SMP	1	73.54	71.46
926757794	SMP	1	73.61	71.30
926777820	SMP	1	74.53	71.35
926797777	SMP	1	73.82	71.38
926817793	SMP	1	74.04	71.26
926837759	SMP	1	74.01	71.32
926857780	SMP	1	74.55	70.54
926877739	SMP	1	73.97	71.41
926897761	SMP	1	73.77	70.72
926917717	SMP	1	73.87	71.42
926937742	SMP	1	74.69	71.43
926957695	SMP	1	74.04	71.63
926977723	SMP	1	74.51	72.17
926997674	SMP	1	73.48	71.51
927017703	SMP	1	74.66	71.56
927037658	SMP	1	74.84	70.43
927057685	SMP	1	74.70	71.44
927077642	SMP	1	72.84	71.44
927097657	SMP	1	74.61	71.57
927117628	SMP	1	73.96	71.57
927137645	SMP	1	74.58	72.41
927157602	SMP	1	74.30	71.47
927177621	SMP	1	72.64	72.35
927197582	SMP	1	73.81	71.54
927217605	SMP	1	73.87	71.47
927237558	SMP	1	74.63	71.50
927257582	SMP	1	73.94	72.34
927277543	SMP	1	73.46	71.43
927297563	SMP	1	73.74	71.40
927317518	SMP	1	74.46	71.12
927337544	SMP	1	73.77	71.35
927357501	SMP	1	72.76	72.24
927377521	SMP	1	74.35	70.56
927397484	SMP	1	74.63	71.54
927417507	SMP	1	75.20	70.51
927437466	SMP	1	74.61	71.62
927457489	SMP	1	73.95	71.62
927477442	SMP	1	74.67	71.60
927497467	SMP	1	73.68	71.66
927517424	SMP	1	73.35	71.62
927537445	SMP	1	74.52	71.70
927557408	SMP	1	74.75	71.69
927577428	SMP	1	73.69	71.44
927597384	SMP	1	74.40	71.66
927617410	SMP	1	73.54	71.73
927637367	SMP	1	73.64	72.35
927657390	SMP	1	74.05	71.34
927677348	SMP	1	74.15	71.53
927697368	SMP	1	74.45	71.41
927717329	SMP	1	73.86	71.57
927737347	SMP	1	73.86	72.41
927757306	SMP	1	72.92	71.53
927777333	SMP	1	74.23	70.65
927797290	SMP	1	74.06	72.34
927817313	SMP	1	73.87	72.39
927837270	SMP	1	74.74	71.44
927857292	SMP	1	75.42	67.53
927877248	SMP	1	73.42	62.56
927897272	SMP	1	71.80	60.57
927917228	SMP	1	75.46	62.57
927937254	SMP	1	75.03	63.51
927957207	SMP	1	73.85	65.42
927977235	SMP	1	74.76	65.52
927997193	SMP	1	74.02	67.36
928017212	SMP	1	74.13	66.89
928037168	SMP	1	74.83	67.60
928057194	SMP	1	73.99	67.60
928077151	SMP	1	74.26	67.71
928097171	SMP	1	74.39	67.66
928117134	SMP	1	74.74	67.90
928137169	SMP	1	73.39	68.59
928157116	SMP	1	75.21	66.68
928177133	SMP	1	75.72	69.33
928197094	SMP	1	73.87	68.48
928217117	SMP	1	74.93	68.67
928237077	SMP	1	74.68	68.66
928257096	SMP	1	75.15	69.42
928277055	SMP	1	74.63	68.64
928297074	SMP	1	74.77	68.68
928317031	SMP	1	76.52	70.25
928337056	SMP	1	74.79	69.39
928357016	SMP	1	77.13	68.62
928377041	SMP	1	74.95	68.45
928396994	SMP	1	73.74	69.40
928417015	SMP	1	73.74	68.62
928436973	SMP	1	73.86	69.48
928456996	SMP	1	74.82	70.32
928476960	SMP	1	73.85	68.68
928496981	SMP	1	74.84	68.63
928516939	SMP	1	75.00	70.47
928536961	SMP	1	74.74	69.56
928556919	SMP	1	73.81	70.39
928576936	SMP	1	75.19	70.35
928596900	SMP	1	74.89	70.39
928616918	SMP	1	74.62	70.41
928636876	SMP	1	74.56	68.67
928656902	SMP	1	74.69	69.39
928676856	SMP	1	75.63	68.78
928696883	SMP	1	74.74	69.37
928716841	SMP	1	74.76	69.63
928736864	SMP	1	73.98	69.52
928756823	SMP	1	72.84	68.72
928776843	SMP	1	74.50	70.33
928796801	SMP	1	73.87	70.50
928816827	SMP	1	74.45	69.59
928836784	SMP	1	74.65	68.70
928856805	SMP	1	75.01	69.57
928876764	SMP	1	74.22	68.76
928896782	SMP	1	75.22	70.32
928916738	SMP	1	74.69	71.30
928936763	SMP	1	73.95	70.63
928956719	SMP	1	74.77	70.31
928976743	SMP	1	74.92	69.66
928996705	SMP	1	74.80	69.64
929016722	SMP	1	74.76	70.49
929036686	SMP	1	75.17	70.48
929056703	SMP	1	74.89	69.40
929076661	SMP	1	75.22	70.81
929096684	SMP	1	73.88	70.44
929116651	SMP	1	75.66	71.49
929136664	SMP	1	74.23	71.55
929156626	SMP	1	74.14	70.67
929176645	SMP	1	74.75	70.43
929196605	SMP	1	74.49	71.63
929216629	SMP	1	74.13	69.85
929236584	SMP	1	73.82	70.45
929256605	SMP	1	73.83	70.31
929276565	SMP	1	74.93	71.34
929296589	SMP	1	74.59	71.35
929316546	SMP	1	74.00	69.62
929336566	SMP	1	74.99	71.37
929356525	SMP	1	74.96	70.54
929376547	SMP	1	75.02	70.62
929396505	SMP	1	74.70	70.72
929416528	SMP	1	74.19	69.65
929436484	SMP	1	74.04	71.57
929456507	SMP	1	74.87	71.49
929476468	SMP	1	74.10	71.29
929496489	SMP	1	74.81	70.51
929516447	SMP	1	74.78	70.52
929536470	SMP	1	73.97	71.41
929556429	SMP	1	73.96	70.34
929576452	SMP	1	75.08	71.32
929596409	SMP	1	74.83	70.61
929616429	SMP	1	75.64	70.60
929636390	SMP	1	75.81	71.36
929656411	SMP	1	74.79	70.55
929676368	SMP	1	73.70	70.84
929696392	SMP	1	74.02	70.68
929716352	SMP	1	74.90	70.62
929736374	SMP	1	74.74	70.57
929756329	SMP	1	73.65	70.61
929776353	SMP	1	74.75	71.40
929796324	SMP	1	73.89	70.62
929816333	SMP	1	73.81	71.49
929836291	SMP	1	74.58	71.46
929856315	SMP	1	73.58	70.54
929876274	SMP	1	74.31	70.68
929896292	SMP	1	74.98	70.59
929916255	SMP	1	74.87	71.34
929936275	SMP	1	74.96	71.51
929956233	SMP	1	74.94	71.22
929976257	SMP	1	76.24	70.60
929996214	SMP	1	75.57	70.59
930016237	SMP	1	74.91	71.64
930036195	SMP	1	75.01	70.80
930056214	SMP	1	74.76	71.36
930076172	SMP	1	74.79	71.47
930096196	SMP	1	74.80	71.49
930116156	SMP	1	74.07	71.28
930136175	SMP	1	73.89	72.32
930156135	SMP	1	73.63	72.15
930176157	SMP	1	75.51	70.68
930196115	SMP	1	74.04	71.49
930216138	SMP	1	74.70	71.38
930236096	SMP	1	75.61	71.56
930256117	SMP	1	73.46	72.30
930276077	SMP	1	76.01	70.55
930296099	SMP	1	73.55	71.64
930316055	SMP	1	74.70	71.36
930336080	SMP	1	73.29	71.50
930356036	SMP	1	74.70	72.34
930376061	SMP	1	74.67	70.46
930396015	SMP	1	73.11	68.37
930416040	SMP	1	73.89	64.85
930435999	SMP	1	73.90	64.66
930456020	SMP	1	73.70	66.53
930475983	SMP	1	73.44	66.55
930495999	SMP	1	74.75	66.54
930515957	SMP	1	72.87	67.43
930535979	SMP	1	75.33	67.38
930555939	SMP	1	74.72	66.63
930575963	SMP	1	74.58	67.47
930595922	SMP	1	74.57	69.18
930615944	SMP	1	74.15	68.30
930635900	SMP	1	73.95	68.57
930655921	SMP	1	74.83	69.27
930675881	SMP	1	74.99	68.68
930695902	SMP	1	73.95	69.51
930715861	SMP	1	74.12	68.65
930735883	SMP	1	74.16	69.54
930755840	SMP	1	73.78	71.13
930775864	SMP	1	72.68	70.53
930795822	SMP	1	74.08	69.48
930815845	SMP	1	75.61	69.60
930835802	SMP	1	74.14	71.32
930855824	SMP	1	73.84	70.50
930875783	SMP	1	73.49	70.33
930895806	SMP	1	73.71	69.42
930915764	SMP	1	73.83	70.57
930935784	SMP	1	74.63	69.62
930955743	SMP	1	75.04	70.56
930975765	SMP	1	73.92	69.58
930995723	SMP	1	74.69	71.28
931015746	SMP	1	74.39	69.59
931035701	SMP	1	74.86	70.46
931055725	SMP	1	75.21	69.62
931075684	SMP	1	74.89	69.71
931095707	SMP	1	74.89	70.48
931115667	SMP	1	75.51	70.35
931135688	SMP	1	75.05	69.69
931155646	SMP	1	74.65	71.34
931175671	SMP	1	73.91	69.66
931195627	SMP	1	75.02	70.56
931215649	SMP	1	74.80	70.47
931235605	SMP	1	74.70	71.59
931255628	SMP	1	74.96	70.61
